[0.0, 
0.36152000000000006, 
0.4403999999999999, 
0.39315999999999995, 
0.39515999999999973, 
0.43613999999999997, 
0.3636700000000008, 
0.40095000000000036, 
0.35441000000000056, 
0.43820999999999977, 
0.4285999999999994, 
0.41697000000000006, 
0.5735500000000009, 
0.4505100000000013, 
0.4421900000000001, 
0.4004399999999997, 
0.5094900000000004, 
0.49031, 
0.45793000000000017, 
0.2851100000000004, 
0.42869999999999964, 
0.6444000000000001, 
0.3561500000000004, 
0.3789199999999999, 
0.4756400000000003, 
0.38124999999999964]

death-birth > 0
