0 0 8.5 0
0 0 0.0705193 417
0 0 0.0836779 441
0 0 0.0857074 974
0 0 0.086867 994
0 0 0.0912739 627
0 0 0.0995971 717
0 0 0.10393 693
0 0 0.10525 336
0 0 0.109231 612
0 0 0.110025 535
0 0 0.115824 648
0 0 0.122387 177
0 0 0.129397 771
0 0 0.131045 978
0 0 0.131626 961
0 0 0.133613 827
0 0 0.142579 829
0 0 0.147497 963
0 0 0.164727 560
0 0 0.176585 935
0 0 0.176697 395
0 0 0.179679 320
0 0 0.180359 982
0 0 0.189086 457
0 0 0.189996 286
0 0 0.192779 838
0 0 0.19582 628
0 0 0.195964 375
0 0 0.201281 573
0 0 0.204495 822
0 0 0.205031 972
0 0 0.206285 753
0 0 0.206627 767
0 0 0.208662 860
0 0 0.20881 565
0 0 0.211934 733
0 0 0.215524 677
0 0 0.218459 265
0 0 0.221528 732
0 0 0.224617 594
0 0 0.225839 746
0 0 0.228873 51
0 0 0.235103 844
0 0 0.237804 883
0 0 0.241179 940
0 0 0.242914 894
0 0 0.24398 834
0 0 0.244954 123
0 0 0.245343 826
0 0 0.245591 89
0 0 0.245945 422
0 0 0.248716 618
0 0 0.249362 906
0 0 0.250734 634
0 0 0.253756 655
0 0 0.255347 983
0 0 0.259765 769
0 0 0.26048 857
0 0 0.260928 678
0 0 0.262505 816
0 0 0.262564 967
0 0 0.264072 386
0 0 0.267739 492
0 0 0.268343 354
0 0 0.268671 204
0 0 0.270168 482
0 0 0.271672 989
0 0 0.273456 559
0 0 0.276522 461
0 0 0.277443 226
0 0 0.27977 564
0 0 0.281285 855
0 0 0.282137 700
0 0 0.282968 879
0 0 0.290531 669
0 0 0.292387 620
0 0 0.292607 661
0 0 0.296825 645
0 0 0.29783 939
0 0 0.298983 376
0 0 0.305831 267
0 0 0.305886 495
0 0 0.30667 785
0 0 0.308483 260
0 0 0.31154 641
0 0 0.311811 365
0 0 0.31334 735
0 0 0.320747 839
0 0 0.32112 872
0 0 0.322899 542
0 0 0.323136 863
0 0 0.324219 696
0 0 0.326751 973
0 0 0.329426 519
0 0 0.332541 547
0 0 0.332584 644
0 0 0.33409 175
0 0 0.338204 342
0 0 0.340609 870
0 0 0.342088 947
0 0 0.343909 371
0 0 0.344946 596
0 0 0.348014 335
0 0 0.352622 990
0 0 0.354102 901
0 0 0.354482 278
0 0 0.35686 473
0 0 0.359605 668
0 0 0.361595 530
0 0 0.362059 385
0 0 0.362862 633
0 0 0.364525 521
0 0 0.367518 334
0 0 0.372848 943
0 0 0.378914 988
0 0 0.379236 997
0 0 0.380552 730
0 0 0.380658 724
0 0 0.381817 562
0 0 0.390467 617
0 0 0.393451 819
0 0 0.393726 158
0 0 0.39683 531
0 0 0.399923 469
0 0 0.400356 956
0 0 0.401043 938
0 0 0.402359 927
0 0 0.407634 763
0 0 0.408851 727
0 0 0.40997 788
0 0 0.410367 804
0 0 0.410444 418
0 0 0.413476 232
0 0 0.416025 861
0 0 0.417428 754
0 0 0.419879 566
0 0 0.421628 930
0 0 0.425319 399
0 0 0.42658 987
0 0 0.42813 768
0 0 0.428181 563
0 0 0.428387 630
0 0 0.429191 882
0 0 0.434472 603
0 0 0.434712 782
0 0 0.434776 899
0 0 0.435533 613
0 0 0.437709 650
0 0 0.437742 774
0 0 0.438143 902
0 0 0.43866 459
0 0 0.438995 587
0 0 0.44207 802
0 0 0.442301 932
0 0 0.443447 916
0 0 0.445052 797
0 0 0.446805 950
0 0 0.450278 808
0 0 0.450934 588
0 0 0.452856 470
0 0 0.453228 664
0 0 0.454425 803
0 0 0.456188 739
0 0 0.456522 638
0 0 0.456737 719
0 0 0.45705 886
0 0 0.458388 496
0 0 0.460904 703
0 0 0.461517 356
0 0 0.462726 585
0 0 0.464111 675
0 0 0.465161 624
0 0 0.467329 408
0 0 0.468421 307
0 0 0.470587 646
0 0 0.474291 474
0 0 0.476081 615
0 0 0.476631 836
0 0 0.477544 847
0 0 0.478271 824
0 0 0.480304 454
0 0 0.483575 864
0 0 0.485125 713
0 0 0.486557 508
0 0 0.489971 465
0 0 0.490845 361
0 0 0.492062 653
0 0 0.492498 623
0 0 0.493522 347
0 0 0.494269 516
0 0 0.495387 451
0 0 0.495499 364
0 0 0.49575 649
0 0 0.496045 306
0 0 0.49616 643
0 0 0.498406 718
0 0 0.498531 880
0 0 0.501407 694
0 0 0.501884 272
0 0 0.502143 387
0 0 0.504765 153
0 0 0.508961 70
0 0 0.50981 349
0 0 0.510298 854
0 0 0.510821 288
0 0 0.516575 556
0 0 0.516966 608
0 0 0.517751 715
0 0 0.520581 837
0 0 0.521704 910
0 0 0.52185 581
0 0 0.521985 708
0 0 0.524144 698
0 0 0.524621 964
0 0 0.525431 931
0 0 0.526668 244
0 0 0.526837 358
0 0 0.528024 941
0 0 0.528706 749
0 0 0.529054 524
0 0 0.529681 806
0 0 0.531573 962
0 0 0.532401 357
0 0 0.533087 833
0 0 0.534259 795
0 0 0.534635 619
0 0 0.540674 741
0 0 0.541586 33
0 0 0.542279 575
0 0 0.542412 723
0 0 0.542468 818
0 0 0.542557 74
0 0 0.542567 577
0 0 0.544815 254
0 0 0.545405 414
0 0 0.548214 503
0 0 0.550909 147
0 0 0.552059 949
0 0 0.552487 907
0 0 0.55319 111
0 0 0.553266 692
0 0 0.554893 135
0 0 0.556628 881
0 0 0.558558 590
0 0 0.559717 327
0 0 0.562804 936
0 0 0.56352 748
0 0 0.564021 750
0 0 0.56705 348
0 0 0.567645 554
0 0 0.567991 40
0 0 0.569038 877
0 0 0.570342 888
0 0 0.570646 743
0 0 0.571221 96
0 0 0.571239 239
0 0 0.574055 269
0 0 0.576441 583
0 0 0.57728 213
0 0 0.579602 865
0 0 0.580451 794
0 0 0.581385 878
0 0 0.582081 647
0 0 0.582447 884
0 0 0.58251 425
0 0 0.583041 674
0 0 0.584741 687
0 0 0.584899 309
0 0 0.585737 393
0 0 0.585782 752
0 0 0.586369 580
0 0 0.587043 383
0 0 0.588688 475
0 0 0.588834 569
0 0 0.58891 415
0 0 0.588939 245
0 0 0.589312 721
0 0 0.589399 80
0 0 0.590848 410
0 0 0.593731 842
0 0 0.596264 764
0 0 0.597217 37
0 0 0.598226 780
0 0 0.59987 695
0 0 0.599903 526
0 0 0.600057 487
0 0 0.601225 781
0 0 0.604022 543
0 0 0.604041 766
0 0 0.605239 179
0 0 0.606437 918
0 0 0.607871 710
0 0 0.60803 913
0 0 0.608079 297
0 0 0.608159 439
0 0 0.608819 786
0 0 0.61016 275
0 0 0.610621 660
0 0 0.614927 500
0 0 0.61572 756
0 0 0.61617 744
0 0 0.616406 477
0 0 0.616696 799
0 0 0.61746 960
0 0 0.617677 622
0 0 0.617937 238
0 0 0.619094 657
0 0 0.625246 595
0 0 0.626073 501
0 0 0.627773 370
0 0 0.628376 555
0 0 0.628811 893
0 0 0.630865 363
0 0 0.631343 192
0 0 0.632538 681
0 0 0.63287 914
0 0 0.633541 711
0 0 0.633864 659
0 0 0.634737 504
0 0 0.63485 790
0 0 0.636222 762
0 0 0.638815 784
0 0 0.640388 686
0 0 0.640644 321
0 0 0.640727 450
0 0 0.641825 685
0 0 0.641864 549
0 0 0.642877 103
0 0 0.644293 807
0 0 0.6451 584
0 0 0.646557 242
0 0 0.649009 759
0 0 0.649253 998
0 0 0.64934 295
0 0 0.649574 381
0 0 0.650479 170
0 0 0.651103 360
0 0 0.652685 435
0 0 0.652731 101
0 0 0.653533 440
0 0 0.654785 933
0 0 0.655953 975
0 0 0.657051 279
0 0 0.659319 958
0 0 0.659371 610
0 0 0.661914 373
0 0 0.667248 820
0 0 0.667586 131
0 0 0.667849 394
0 0 0.668057 255
0 0 0.668249 640
0 0 0.668582 485
0 0 0.670696 169
0 0 0.670861 512
0 0 0.671157 821
0 0 0.67239 351
0 0 0.673145 929
0 0 0.673503 511
0 0 0.674477 731
0 0 0.675365 740
0 0 0.675895 183
0 0 0.67877 316
0 0 0.678921 497
0 0 0.679437 558
0 0 0.681249 789
0 0 0.682182 770
0 0 0.687699 276
0 0 0.690192 389
0 0 0.695487 636
0 0 0.695831 726
0 0 0.696226 128
0 0 0.70051 312
0 0 0.700527 598
0 0 0.701056 463
0 0 0.702421 165
0 0 0.703664 390
0 0 0.703853 433
0 0 0.703954 374
0 0 0.704045 466
0 0 0.704179 609
0 0 0.704194 683
0 0 0.704745 682
0 0 0.706769 851
0 0 0.706838 791
0 0 0.706846 578
0 0 0.707099 616
0 0 0.710069 235
0 0 0.712909 571
0 0 0.713811 843
0 0 0.71391 233
0 0 0.716689 635
0 0 0.71681 676
0 0 0.717359 955
0 0 0.717533 712
0 0 0.718822 800
0 0 0.720744 900
0 0 0.721624 444
0 0 0.72196 895
0 0 0.7272 734
0 0 0.727776 850
0 0 0.729895 494
0 0 0.732867 572
0 0 0.73313 639
0 0 0.733396 904
0 0 0.733952 812
0 0 0.738411 793
0 0 0.738658 702
0 0 0.739231 992
0 0 0.741452 293
0 0 0.74297 71
0 0 0.743049 201
0 0 0.743316 483
0 0 0.743393 308
0 0 0.743453 534
0 0 0.745788 129
0 0 0.748502 402
0 0 0.752205 716
0 0 0.753098 891
0 0 0.753312 430
0 0 0.755892 920
0 0 0.755948 284
0 0 0.756961 923
0 0 0.758088 311
0 0 0.758329 705
0 0 0.75858 527
0 0 0.761645 919
0 0 0.762105 765
0 0 0.763018 287
0 0 0.764341 486
0 0 0.76704 258
0 0 0.768565 830
0 0 0.770581 84
0 0 0.771728 212
0 0 0.771733 642
0 0 0.772648 903
0 0 0.77337 853
0 0 0.773903 875
0 0 0.775168 607
0 0 0.776609 125
0 0 0.777008 458
0 0 0.779143 27
0 0 0.78188 319
0 0 0.782231 779
0 0 0.783087 672
0 0 0.783802 437
0 0 0.785772 533
0 0 0.786059 122
0 0 0.786506 369
0 0 0.789654 548
0 0 0.790335 579
0 0 0.791307 310
0 0 0.792698 105
0 0 0.795283 207
0 0 0.795722 869
0 0 0.796042 828
0 0 0.797039 874
0 0 0.799214 83
0 0 0.799773 407
0 0 0.801379 197
0 0 0.803063 747
0 0 0.803979 707
0 0 0.80598 632
0 0 0.806196 846
0 0 0.808944 506
0 0 0.812147 937
0 0 0.814313 429
0 0 0.814517 273
0 0 0.814627 745
0 0 0.814766 605
0 0 0.814943 737
0 0 0.815292 738
0 0 0.815499 190
0 0 0.818063 679
0 0 0.81978 117
0 0 0.823369 969
0 0 0.824329 424
0 0 0.825732 24
0 0 0.829039 751
0 0 0.829393 396
0 0 0.829583 996
0 0 0.830314 993
0 0 0.831936 856
0 0 0.832033 867
0 0 0.832817 553
0 0 0.833449 965
0 0 0.83346 898
0 0 0.834689 859
0 0 0.836385 380
0 0 0.837132 915
0 0 0.837545 280
0 0 0.837935 246
0 0 0.838192 709
0 0 0.839284 324
0 0 0.839713 339
0 0 0.840275 651
0 0 0.840796 155
0 0 0.84119 574
0 0 0.842445 552
0 0 0.843108 787
0 0 0.844298 777
0 0 0.845984 127
0 0 0.846176 966
0 0 0.84658 536
0 0 0.847489 942
0 0 0.848692 266
0 0 0.851768 343
0 0 0.851903 813
0 0 0.853138 423
0 0 0.856468 725
0 0 0.859631 436
0 0 0.859905 944
0 0 0.862053 305
0 0 0.862572 689
0 0 0.863802 455
0 0 0.864625 193
0 0 0.865518 582
0 0 0.876296 809
0 0 0.876931 499
0 0 0.877779 897
0 0 0.87837 701
0 0 0.879471 291
0 0 0.879644 240
0 0 0.884978 970
0 0 0.885172 772
0 0 0.88812 835
0 0 0.889149 849
0 0 0.889186 631
0 0 0.89069 614
0 0 0.892063 926
0 0 0.892078 986
0 0 0.898813 728
0 0 0.902383 124
0 0 0.902602 366
0 0 0.905923 467
0 0 0.907311 484
0 0 0.907416 892
0 0 0.912522 191
0 0 0.913151 815
0 0 0.916983 362
0 0 0.9186 126
0 0 0.920043 221
0 0 0.922054 688
0 0 0.922415 761
0 0 0.923418 977
0 0 0.923498 405
0 0 0.923799 502
0 0 0.924028 866
0 0 0.925305 568
0 0 0.926525 841
0 0 0.928184 597
0 0 0.928899 528
0 0 0.929091 426
0 0 0.929837 21
0 0 0.931089 328
0 0 0.931831 259
0 0 0.932018 464
0 0 0.932207 490
0 0 0.9331 876
0 0 0.933681 656
0 0 0.933859 132
0 0 0.937961 654
0 0 0.938582 570
0 0 0.939024 326
0 0 0.939259 758
0 0 0.94103 948
0 0 0.941857 514
0 0 0.943058 388
0 0 0.945362 814
0 0 0.946475 592
0 0 0.947352 268
0 0 0.949442 428
0 0 0.94948 453
0 0 0.950919 540
0 0 0.952524 353
0 0 0.953439 403
0 0 0.95403 384
0 0 0.95417 152
0 0 0.958113 729
0 0 0.958252 911
0 0 0.958889 665
0 0 0.963566 282
0 0 0.964076 202
0 0 0.966524 195
0 0 0.967087 917
0 0 0.968844 379
0 0 0.968992 928
0 0 0.969059 995
0 0 0.969326 742
0 0 0.969589 113
0 0 0.969706 171
0 0 0.969968 340
0 0 0.970021 377
0 0 0.971284 999
0 0 0.973619 330
0 0 0.976113 868
0 0 0.976333 460
0 0 0.976851 561
0 0 0.977223 180
0 0 0.9776 858
0 0 0.978043 391
0 0 0.978076 154
0 0 0.978418 757
0 0 0.978719 406
0 0 0.978839 541
0 0 0.979526 290
0 0 0.97995 690
0 0 0.980541 160
0 0 0.981168 181
0 0 0.981341 241
0 0 0.983259 300
0 0 0.984044 606
0 0 0.984377 151
0 0 0.984651 45
0 0 0.985127 539
0 0 0.985657 77
0 0 0.986534 831
0 0 0.988221 55
0 0 0.988623 976
0 0 0.989347 871
0 0 0.991291 252
0 0 0.994482 629
1 0.930288 0.99489 386-408
0 0 0.995544 283
0 0 0.997518 736
0 0 0.999417 368
0 0 1.00146 912
0 0 1.00219 270
0 0 1.00229 442
0 0 1.00322 67
0 0 1.00455 921
0 0 1.00738 666
0 0 1.00787 908
0 0 1.00791 589
0 0 1.00978 952
0 0 1.01276 11
0 0 1.01333 697
0 0 1.01375 680
0 0 1.01451 720
0 0 1.01674 979
0 0 1.01713 421
0 0 1.0193 658
0 0 1.02257 313
0 0 1.02347 294
0 0 1.02417 985
0 0 1.02437 760
0 0 1.0249 401
0 0 1.02501 106
0 0 1.02502 413
0 0 1.02716 94
0 0 1.02756 896
0 0 1.0278 599
0 0 1.02816 517
0 0 1.02871 196
0 0 1.0292 586
0 0 1.03001 968
0 0 1.03126 448
0 0 1.03128 281
0 0 1.03258 90
0 0 1.03407 667
0 0 1.03434 538
0 0 1.03626 222
0 0 1.03688 825
0 0 1.03736 116
0 0 1.03824 223
0 0 1.03891 88
0 0 1.04194 755
0 0 1.04271 796
0 0 1.04294 75
0 0 1.04647 412
0 0 1.04682 378
0 0 1.04748 198
0 0 1.04918 253
0 0 1.04994 924
0 0 1.05439 691
0 0 1.05502 318
0 0 1.05545 199
0 0 1.05894 99
0 0 1.05903 602
0 0 1.06009 114
0 0 1.06211 72
0 0 1.06252 493
0 0 1.06284 792
0 0 1.06342 216
0 0 1.06849 372
0 0 1.07223 337
0 0 1.07315 925
0 0 1.07486 355
0 0 1.07495 523
0 0 1.07495 344
0 0 1.07556 520
0 0 1.07756 954
0 0 1.07778 188
0 0 1.07923 140
0 0 1.08191 663
0 0 1.08366 468
0 0 1.08368 600
0 0 1.08383 817
0 0 1.08524 298
0 0 1.08597 400
0 0 1.08627 392
0 0 1.08646 210
0 0 1.09284 345
0 0 1.09387 48
0 0 1.09416 576
0 0 1.09608 367
0 0 1.09882 652
0 0 1.09915 102
0 0 1.10027 480
0 0 1.10092 205
0 0 1.10258 971
0 0 1.10421 338
0 0 1.10457 162
0 0 1.10795 333
0 0 1.10947 73
0 0 1.11017 136
0 0 1.11209 85
0 0 1.11234 247
0 0 1.11331 261
0 0 1.1157 518
0 0 1.11806 478
0 0 1.11985 946
0 0 1.12035 142
0 0 1.12216 350
0 0 1.12245 143
0 0 1.12569 984
0 0 1.12765 714
0 0 1.12876 28
0 0 1.13383 670
0 0 1.13409 185
0 0 1.13609 18
0 0 1.13688 449
0 0 1.13768 805
0 0 1.14289 118
0 0 1.14402 49
0 0 1.14471 420
0 0 1.14476 299
0 0 1.14678 776
0 0 1.15215 522
0 0 1.15518 100
1 1.09161 1.15616 1-880
0 0 1.15683 16
0 0 1.15702 481
0 0 1.1579 5
0 0 1.15955 59
0 0 1.16091 889
0 0 1.16134 47
0 0 1.16183 97
0 0 1.16258 488
0 0 1.1626 432
0 0 1.16417 243
0 0 1.16485 304
0 0 1.16496 8
0 0 1.167 76
0 0 1.16994 20
1 1.02805 1.17039 689-884
0 0 1.1712 332
0 0 1.17245 438
0 0 1.17381 248
1 1.038 1.17485 154-849
0 0 1.17517 138
0 0 1.17842 885
0 0 1.17852 78
0 0 1.18018 54
0 0 1.18218 31
0 0 1.18277 15
0 0 1.18338 951
0 0 1.18429 591
0 0 1.18492 359
0 0 1.18532 419
0 0 1.18608 981
0 0 1.18693 1
0 0 1.18776 783
0 0 1.18943 63
0 0 1.19072 206
0 0 1.19132 161
0 0 1.19299 341
0 0 1.19752 491
0 0 1.19901 176
0 0 1.19923 57
0 0 1.19951 509
0 0 1.19996 224
0 0 1.19996 507
1 0.86436 1.20226 751-879
0 0 1.20412 832
0 0 1.20597 81
0 0 1.20666 489
0 0 1.20677 79
0 0 1.20686 662
0 0 1.20822 174
0 0 1.21741 46
0 0 1.21748 823
0 0 1.21815 139
0 0 1.22158 778
0 0 1.2246 60
0 0 1.22487 722
0 0 1.22728 251
0 0 1.22942 498
0 0 1.23188 887
0 0 1.23312 673
0 0 1.23363 621
1 1.12976 1.23392 273-403
0 0 1.23488 671
0 0 1.23518 446
0 0 1.23834 285
1 1.12424 1.24416 682-919
0 0 1.24424 810
0 0 1.24513 557
0 0 1.24682 811
0 0 1.24874 53
0 0 1.24908 109
0 0 1.24979 905
0 0 1.25242 44
0 0 1.25386 32
0 0 1.25551 215
0 0 1.25818 567
0 0 1.25987 289
0 0 1.26056 6
1 1.18324 1.26346 373-782
0 0 1.26516 801
0 0 1.26718 909
0 0 1.27002 104
0 0 1.27111 211
0 0 1.27184 431
0 0 1.27282 39
1 1.04621 1.27538 814-917
1 1.19347 1.27787 180-966
0 0 1.27896 137
0 0 1.28047 398
0 0 1.28283 209
0 0 1.28637 130
0 0 1.28703 301
0 0 1.28713 98
0 0 1.28809 959
0 0 1.2884 178
0 0 1.2891 873
0 0 1.29011 773
0 0 1.29123 56
0 0 1.29203 447
0 0 1.29253 699
0 0 1.29794 68
0 0 1.30025 234
0 0 1.30065 922
0 0 1.30282 551
0 0 1.30387 505
0 0 1.30474 352
0 0 1.30747 43
0 0 1.30872 14
0 0 1.31105 471
0 0 1.31256 41
0 0 1.3185 257
0 0 1.32144 227
0 0 1.32362 69
0 0 1.32657 416
0 0 1.32673 510
0 0 1.32712 52
0 0 1.32962 706
0 0 1.33088 704
0 0 1.33194 452
0 0 1.33276 537
0 0 1.33358 22
1 1.28605 1.33947 747-830
0 0 1.34117 208
0 0 1.34579 249
0 0 1.34582 2
0 0 1.34798 684
0 0 1.34859 115
0 0 1.3486 112
0 0 1.34866 852
0 0 1.36078 545
0 0 1.36197 149
1 1.09052 1.36294 368-477
0 0 1.36483 550
0 0 1.36494 637
0 0 1.3693 513
0 0 1.36972 200
0 0 1.36999 445
0 0 1.37253 7
0 0 1.37394 220
0 0 1.37597 203
0 0 1.37697 274
0 0 1.37819 411
0 0 1.37875 331
0 0 1.37903 110
0 0 1.37992 611
0 0 1.38028 315
0 0 1.38786 150
1 1.30568 1.39162 258-884
0 0 1.39438 25
0 0 1.3976 625
0 0 1.40009 626
0 0 1.40097 194
0 0 1.40101 82
1 1.11305 1.40448 366-911
0 0 1.40959 148
0 0 1.41108 525
1 1.41133 8.5 223-455
0 0 1.41178 382
0 0 1.41512 146
0 0 1.4153 544
0 0 1.4175 409
1 1.19568 1.41946 574-630
0 0 1.41976 848
0 0 1.42724 346
1 1.29253 1.42773 677-739
0 0 1.42903 237
0 0 1.43491 292
0 0 1.43764 108
0 0 1.43964 91
0 0 1.43983 230
0 0 1.44596 121
0 0 1.44617 427
0 0 1.44693 601
0 0 1.45095 479
1 1.29292 1.45182 831-952
0 0 1.45347 980
1 1.36782 1.45552 78-83
0 0 1.45676 476
0 0 1.4597 156
0 0 1.46561 36
1 1.38791 1.46908 353-739
0 0 1.46966 30
0 0 1.47044 217
0 0 1.47315 798
0 0 1.47596 4
0 0 1.48282 38
0 0 1.48326 133
0 0 1.48345 934
0 0 1.48371 120
0 0 1.48715 231
0 0 1.48749 277
0 0 1.49315 173
0 0 1.49524 325
0 0 1.50172 945
0 0 1.50672 953
0 0 1.50831 10
0 0 1.50855 462
0 0 1.51111 225
0 0 1.51216 397
0 0 1.51489 13
0 0 1.51504 314
0 0 1.51729 443
1 1.3928 1.51832 327-728
0 0 1.51848 322
0 0 1.51892 93
1 1.38086 1.52157 83-624
0 0 1.52434 532
0 0 1.52638 604
0 0 1.52691 64
0 0 1.52719 42
0 0 1.52948 35
1 1.35484 1.53039 674-811
0 0 1.53649 302
0 0 1.53892 145
1 1.30751 1.54031 319-838
0 0 1.55254 264
0 0 1.5579 95
1 1.43934 1.55929 215-885
0 0 1.56656 23
1 1.32234 1.56767 86-480
0 0 1.56945 957
0 0 1.57245 17
0 0 1.58046 141
0 0 1.58176 9
0 0 1.58257 219
0 0 1.58322 87
0 0 1.58774 775
1 1.30988 1.59063 57-729
0 0 1.5912 262
0 0 1.59221 456
0 0 1.59761 434
1 1.26039 1.60095 151-665
0 0 1.60931 172
0 0 1.61068 66
0 0 1.61079 263
0 0 1.61629 329
0 0 1.61647 166
0 0 1.61735 182
0 0 1.61825 134
1 1.51662 1.6186 30-227
0 0 1.62473 271
0 0 1.62614 189
0 0 1.62802 250
1 1.44529 1.62968 238-735
0 0 1.63175 515
0 0 1.63281 472
1 1.3926 1.63322 666-754
0 0 1.64401 187
1 1.31858 1.6452 88-865
0 0 1.6452 86
0 0 1.64636 119
1 1.39884 1.65599 689-741
1 1.56038 1.65613 588-866
1 1.38842 1.66272 126-740
0 0 1.66425 92
0 0 1.66484 65
1 1.58379 1.66789 500-745
0 0 1.67394 167
1 1.67638 8.5 443-674
0 0 1.67847 228
0 0 1.67919 19
0 0 1.68151 890
0 0 1.68168 62
0 0 1.69374 862
1 1.46692 1.70386 475-631
0 0 1.70609 50
1 1.63374 1.72368 502-709
1 1.54433 1.72562 399-656
0 0 1.73362 159
1 1.62083 1.73468 365-855
0 0 1.73477 991
0 0 1.74192 404
0 0 1.74302 184
0 0 1.74716 214
1 1.38613 1.7487 54-887
1 1.12806 1.7532 827-828
0 0 1.75802 323
0 0 1.76204 164
1 1.29182 1.76299 355-912
1 1.7034 1.76566 675-750
1 1.37583 1.77533 276-959
1 1.56007 1.77798 332-917
1 1.38318 1.78599 740-808
0 0 1.7879 157
0 0 1.79326 12
0 0 1.79504 546
0 0 1.80452 236
1 1.50436 1.80741 428-614
1 1.73418 1.81378 185-340
0 0 1.8185 168
0 0 1.81978 163
0 0 1.82402 593
1 1.63589 1.82712 332-428
0 0 1.84439 26
1 1.7188 1.84935 127-391
1 1.79297 1.8503 626-967
1 1.45946 1.85571 210-333
1 1.80703 1.86604 440-490
0 0 1.87428 107
0 0 1.87497 529
1 1.53279 1.87877 79-604
0 0 1.88848 186
1 1.82712 1.88997 517-975
0 0 1.89014 218
1 1.53644 1.89384 355-959
1 1.27527 1.8982 420-731
0 0 1.90195 296
1 1.2141 1.90392 294-428
1 1.84417 1.91725 358-420
0 0 1.91966 58
0 0 1.91985 34
1 1.32038 1.9271 126-607
1 1.43669 1.93222 294-638
0 0 1.935 29
0 0 1.93759 256
1 1.82016 1.94251 199-249
1 1.86624 1.94259 165-953
1 1.22692 1.9434 136-784
0 0 1.94443 303
1 1.36657 1.95003 116-577
0 0 1.95619 144
0 0 1.96125 229
1 1.74434 1.96799 187-401
1 1.51417 1.97827 621-773
1 1.60223 1.98037 442-653
0 0 1.9805 3
1 1.21355 1.98979 548-794
1 1.72007 1.99887 603-817
1 1.70843 2.02172 149-925
1 1.84726 2.03295 283-644
1 1.70678 2.03485 94-440
1 1.38838 2.04926 567-873
1 1.96203 2.05085 201-734
0 0 2.06001 840
1 1.97869 2.09265 246-626
1 1.61098 2.11141 555-720
1 1.7802 2.15877 431-936
1 1.80288 2.16296 109-627
1 1.52839 2.18421 161-625
1 1.8672 2.18782 28-98
0 0 2.19213 317
1 1.97719 2.19558 314-316
1 1.9802 2.20762 658-871
1 1.66979 2.21678 191-635
0 0 2.21788 61
1 1.8781 2.22301 138-322
1 1.50133 2.22842 599-777
1 1.70545 2.25429 346-946
1 1.91926 2.26072 134-812
1 1.32349 2.2822 841-936
1 1.84673 2.28285 422-892
1 2.10366 2.2867 50-184
1 1.52082 2.2907 473-702
1 2.19293 2.30037 143-789
0 0 2.30537 845
1 2.22972 2.32016 253-405
1 1.4942 2.32083 45-877
1 1.84303 2.32239 348-611
1 2.24321 2.3276 593-809
1 2.04682 2.33071 525-736
1 2.23566 2.339 1-432
1 1.66407 2.34197 187-852
1 1.51882 2.36241 555-794
1 1.60312 2.37823 67-238
1 2.31187 2.40104 206-736
1 1.64428 2.40811 271-695
1 2.25908 2.41391 189-969
1 1.6592 2.41937 753-822
1 2.11782 2.41937 231-682
1 2.3407 2.43888 741-970
1 1.99092 2.44142 436-663
1 1.55105 2.44968 568-600
1 1.88981 2.45601 159-722
1 1.64309 2.46544 626-953
1 1.51853 2.47581 934-978
1 2.1613 2.48114 261-482
1 2.01325 2.48157 95-753
1 2.43401 2.50062 73-801
1 2.11603 2.51524 743-778
1 2.34165 2.51564 272-759
1 2.30231 2.5192 80-664
1 1.86553 2.52926 237-743
1 2.41707 2.52949 245-743
1 1.75111 2.53369 30-960
1 2.30328 2.54137 915-922
1 1.72415 2.54367 202-310
1 1.5194 2.55169 352-914
1 2.13815 2.55338 524-805
1 1.71341 2.56132 392-671
1 1.76835 2.58296 299-697
1 2.47059 2.58861 302-779
1 1.68836 2.5936 413-860
1 2.3406 2.59394 452-831
1 2.38908 2.61441 164-524
1 1.74333 2.61501 13-923
1 1.99219 2.63094 4-843
1 2.38922 2.63766 251-557
1 1.71001 2.64998 652-850
1 2.23446 2.6628 369-601
1 2.46012 2.66697 270-950
1 1.49223 2.67376 260-710
1 2.39671 2.68602 632-921
1 2.0162 2.69091 462-585
1 2.58378 2.70519 434-552
1 2.44334 2.7082 76-229
1 2.16228 2.73635 190-861
1 1.8969 2.74915 164-864
1 1.7029 2.75421 220-775
1 2.45172 2.75848 280-462
1 2.02462 2.75862 248-385
1 2.59137 2.76177 513-957
1 2.60336 2.77827 236-954
1 1.83133 2.81112 23-289
1 2.46752 2.81192 307-945
1 1.90355 2.82049 274-405
1 2.65831 2.82503 468-629
1 2.49108 2.82541 187-839
1 2.56586 2.84073 61-488
1 1.6369 2.85712 130-414
1 2.25248 2.87439 115-934
1 2.59719 2.87918 217-416
1 2.42074 2.88147 87-998
1 1.76589 2.88293 359-837
1 2.24263 2.89713 225-848
1 2.41227 2.90666 290-916
1 2.01144 2.90875 200-296
1 1.93916 2.94038 397-798
1 2.01409 2.9449 90-447
1 1.96591 2.94505 7-398
1 2.32755 2.94837 145-228
1 2.00078 2.95014 313-416
1 2.85354 2.95917 352-706
1 2.20887 2.9611 290-340
1 2.65171 2.97628 191-935
1 1.77374 2.9904 184-980
1 2.85906 2.99765 317-699
1 2.90242 3.01158 290-656
1 1.96742 3.01699 58-715
1 2.51922 3.02845 451-547
1 2.02827 3.044 646-796
1 2.2404 3.04496 214-945
1 2.99396 3.05171 247-532
1 2.80516 3.05237 101-904
1 2.60306 3.05565 298-836
1 1.63404 3.06489 234-915
1 2.8821 3.07449 218-681
1 2.01434 3.10374 611-634
1 2.61114 3.10823 313-529
1 2.56721 3.11154 217-529
1 2.86794 3.13288 218-965
1 2.43122 3.14839 159-320
1 2.93478 3.19235 601-766
1 2.73118 3.19362 285-991
1 2.15736 3.20641 472-497
1 1.57688 3.20664 314-908
1 1.41135 3.22209 441-445
1 1.69637 3.22405 671-986
1 2.23072 3.22802 129-926
1 2.82509 3.23222 323-845
1 2.43584 3.23372 337-550
1 1.93209 3.24102 466-980
1 2.58742 3.27706 434-550
1 2.40246 3.29467 325-456
1 2.07978 3.32838 161-902
1 2.30521 3.36504 301-683
1 1.89069 3.38991 287-981
1 1.85232 3.41591 168-608
1 1.62166 3.45355 170-194
1 2.76689 3.46215 862-991
1 1.87449 3.48638 701-833
1 1.77121 3.49071 133-304
1 2.26299 3.51972 357-840
1 3.34039 3.54365 382-885
1 1.8012 3.56602 92-450
1 2.59851 3.603 387-954
1 2.29931 3.62627 504-991
1 2.1041 3.69084 206-452
1 3.08695 3.79856 125-840
1 1.68534 3.82932 203-985
1 2.24211 3.85064 12-747
1 2.05917 3.9227 265-765
1 2.58635 3.93921 635-781
1 3.48682 4.01407 10-229
1 2.09662 4.02009 243-593
1 3.23934 4.02364 256-336
1 1.83668 4.0536 292-801
2 3.97227 4.09843 162-747-865
1 2.44156 4.20499 505-944
1 2.00632 4.24422 163-706
1 3.48824 4.25543 769-845
1 2.45543 4.37966 457-699
1 1.96966 4.60633 394-716
1 3.67577 4.61335 326-984
1 1.73228 4.8658 676-981
2 5.35271 8.5 393-756-862
