0 0 8.5 0
0 0 0.0573168 417
0 0 0.0597404 994
0 0 0.0723523 627
0 0 0.0868479 693
0 0 0.11122 648
0 0 0.112393 628
0 0 0.11334 594
0 0 0.115196 441
0 0 0.116396 771
0 0 0.117685 177
0 0 0.118224 677
0 0 0.122109 612
0 0 0.12545 535
0 0 0.125997 974
0 0 0.141948 717
0 0 0.143727 844
0 0 0.144091 822
0 0 0.145504 827
0 0 0.146622 978
0 0 0.147194 961
0 0 0.151635 963
0 0 0.151757 700
0 0 0.155631 972
0 0 0.162178 753
0 0 0.164694 560
0 0 0.16488 336
0 0 0.165808 457
0 0 0.178005 286
0 0 0.182045 573
0 0 0.182051 935
0 0 0.184081 883
0 0 0.197764 395
0 0 0.19902 829
0 0 0.202016 559
0 0 0.202917 982
0 0 0.206434 906
0 0 0.209103 733
0 0 0.209589 226
0 0 0.21195 863
0 0 0.216071 834
0 0 0.219469 767
0 0 0.224009 816
0 0 0.224451 320
0 0 0.228587 678
0 0 0.23036 51
0 0 0.236317 746
0 0 0.242029 123
0 0 0.242281 857
0 0 0.248312 371
0 0 0.249932 618
0 0 0.251422 565
0 0 0.254659 732
0 0 0.256096 265
0 0 0.256958 267
0 0 0.261409 89
0 0 0.268554 655
0 0 0.268557 385
0 0 0.269167 365
0 0 0.270453 860
0 0 0.271987 482
0 0 0.272207 386
0 0 0.273111 967
0 0 0.273687 939
0 0 0.274251 661
0 0 0.278177 492
0 0 0.278955 645
0 0 0.282114 940
0 0 0.284921 669
0 0 0.285359 422
0 0 0.286504 354
0 0 0.288911 342
0 0 0.289277 785
0 0 0.290382 735
0 0 0.291591 620
0 0 0.292121 260
0 0 0.295713 838
0 0 0.297865 634
0 0 0.299669 769
0 0 0.301744 901
0 0 0.304827 870
0 0 0.309489 376
0 0 0.313432 668
0 0 0.313851 564
0 0 0.315263 938
0 0 0.316269 894
0 0 0.316936 641
0 0 0.319834 879
0 0 0.327259 826
0 0 0.329781 973
0 0 0.332654 989
0 0 0.334444 839
0 0 0.336591 947
0 0 0.336862 696
0 0 0.338178 542
0 0 0.33853 519
0 0 0.339659 855
0 0 0.341451 872
0 0 0.343152 335
0 0 0.343234 563
0 0 0.344132 473
0 0 0.34498 983
0 0 0.349857 664
0 0 0.352355 990
0 0 0.353316 547
0 0 0.356042 943
0 0 0.356951 531
0 0 0.357775 461
0 0 0.360232 204
0 0 0.364219 930
0 0 0.364272 927
0 0 0.3656 375
0 0 0.365849 495
0 0 0.366011 566
0 0 0.367539 334
0 0 0.368256 175
0 0 0.375919 644
0 0 0.376678 803
0 0 0.3768 158
0 0 0.377791 588
0 0 0.38173 521
0 0 0.383082 754
0 0 0.384147 278
0 0 0.391937 623
0 0 0.395546 956
0 0 0.396723 596
0 0 0.400331 882
0 0 0.401598 768
0 0 0.40238 808
0 0 0.402846 724
0 0 0.406417 562
0 0 0.409161 861
0 0 0.410732 730
0 0 0.414531 916
0 0 0.415285 587
0 0 0.415717 633
0 0 0.41777 819
0 0 0.418246 727
0 0 0.418489 244
0 0 0.428888 254
0 0 0.429395 418
0 0 0.42969 997
0 0 0.434305 788
0 0 0.440891 232
0 0 0.440899 987
0 0 0.441129 646
0 0 0.442758 804
0 0 0.443628 617
0 0 0.443747 603
0 0 0.447372 613
0 0 0.448915 723
0 0 0.450901 624
0 0 0.451135 797
0 0 0.453066 708
0 0 0.453331 307
0 0 0.454077 459
0 0 0.454437 802
0 0 0.457083 347
0 0 0.46302 469
0 0 0.463054 836
0 0 0.464546 619
0 0 0.464967 630
0 0 0.467746 950
0 0 0.469409 774
0 0 0.471212 496
0 0 0.47176 306
0 0 0.471911 356
0 0 0.476447 782
0 0 0.476582 349
0 0 0.479565 703
0 0 0.482128 361
0 0 0.48292 899
0 0 0.483684 643
0 0 0.484013 902
0 0 0.484096 763
0 0 0.486612 847
0 0 0.487638 824
0 0 0.487724 408
0 0 0.487835 508
0 0 0.488298 907
0 0 0.488301 575
0 0 0.488471 818
0 0 0.491935 739
0 0 0.49377 454
0 0 0.494134 749
0 0 0.495129 414
0 0 0.496593 931
0 0 0.496941 698
0 0 0.497792 70
0 0 0.498749 718
0 0 0.49924 964
0 0 0.499278 886
0 0 0.500122 387
0 0 0.500733 530
0 0 0.501837 585
0 0 0.502715 288
0 0 0.502717 988
0 0 0.503959 415
0 0 0.505226 111
0 0 0.505944 780
0 0 0.508997 327
0 0 0.509372 474
0 0 0.509658 741
0 0 0.510082 962
0 0 0.510113 399
0 0 0.511632 692
0 0 0.512636 748
0 0 0.515157 932
0 0 0.515661 358
0 0 0.515813 687
0 0 0.516617 364
0 0 0.516922 74
0 0 0.518062 650
0 0 0.519276 577
0 0 0.519673 715
0 0 0.520397 581
0 0 0.521113 694
0 0 0.524464 33
0 0 0.526118 516
0 0 0.526321 837
0 0 0.526496 357
0 0 0.529897 713
0 0 0.530341 880
0 0 0.53064 941
0 0 0.530787 451
0 0 0.531498 864
0 0 0.532415 719
0 0 0.535662 638
0 0 0.535697 675
0 0 0.540259 470
0 0 0.542492 410
0 0 0.543466 465
0 0 0.543486 615
0 0 0.543685 750
0 0 0.54532 752
0 0 0.545711 659
0 0 0.548177 556
0 0 0.548912 878
0 0 0.548981 660
0 0 0.549758 590
0 0 0.551816 721
0 0 0.55219 135
0 0 0.5525 653
0 0 0.552941 766
0 0 0.556259 881
0 0 0.556528 370
0 0 0.556679 884
0 0 0.559113 649
0 0 0.560528 949
0 0 0.560777 37
0 0 0.563832 440
0 0 0.565529 786
0 0 0.565553 795
0 0 0.565782 960
0 0 0.566302 272
0 0 0.566912 40
0 0 0.568844 710
0 0 0.569724 153
0 0 0.572227 475
0 0 0.5735 865
0 0 0.574341 309
0 0 0.574784 936
0 0 0.575449 239
0 0 0.575942 794
0 0 0.576153 595
0 0 0.579005 910
0 0 0.579625 929
0 0 0.579628 450
0 0 0.580418 383
0 0 0.580761 711
0 0 0.581587 686
0 0 0.582283 608
0 0 0.582594 833
0 0 0.582736 877
0 0 0.584091 647
0 0 0.585288 245
0 0 0.585624 526
0 0 0.585705 549
0 0 0.58576 503
0 0 0.586851 743
0 0 0.587793 888
0 0 0.588856 487
0 0 0.590914 569
0 0 0.592566 279
0 0 0.593103 477
0 0 0.594908 744
0 0 0.598184 242
0 0 0.599976 998
0 0 0.601792 103
0 0 0.601883 913
0 0 0.603182 543
0 0 0.604099 781
0 0 0.605059 584
0 0 0.60664 147
0 0 0.607852 425
0 0 0.607963 500
0 0 0.608095 80
0 0 0.608109 806
0 0 0.612105 524
0 0 0.612219 363
0 0 0.612422 583
0 0 0.612461 799
0 0 0.612596 269
0 0 0.612647 393
0 0 0.613524 554
0 0 0.614959 96
0 0 0.615576 501
0 0 0.616127 674
0 0 0.616168 101
0 0 0.616462 360
0 0 0.618202 131
0 0 0.619239 759
0 0 0.619441 695
0 0 0.619599 975
0 0 0.622267 238
0 0 0.622423 790
0 0 0.624425 933
0 0 0.624597 731
0 0 0.626672 348
0 0 0.626987 685
0 0 0.629531 914
0 0 0.631093 435
0 0 0.633151 275
0 0 0.640258 439
0 0 0.641548 683
0 0 0.641665 511
0 0 0.642705 842
0 0 0.643629 764
0 0 0.64396 297
0 0 0.644194 791
0 0 0.644871 919
0 0 0.645948 854
0 0 0.647686 635
0 0 0.648916 610
0 0 0.648979 555
0 0 0.64948 821
0 0 0.651828 381
0 0 0.653844 373
0 0 0.653987 213
0 0 0.654687 504
0 0 0.654832 918
0 0 0.656219 179
0 0 0.657339 295
0 0 0.658673 682
0 0 0.658732 312
0 0 0.659346 183
0 0 0.661792 444
0 0 0.661922 258
0 0 0.662092 321
0 0 0.665394 192
0 0 0.666908 255
0 0 0.667629 820
0 0 0.668184 316
0 0 0.669502 512
0 0 0.670612 657
0 0 0.671504 900
0 0 0.67271 233
0 0 0.672802 622
0 0 0.673009 807
0 0 0.67435 580
0 0 0.674737 497
0 0 0.676369 893
0 0 0.67703 812
0 0 0.677708 762
0 0 0.680316 789
0 0 0.686331 571
0 0 0.686331 483
0 0 0.687294 293
0 0 0.687723 351
0 0 0.688462 466
0 0 0.689334 394
0 0 0.689958 374
0 0 0.690283 485
0 0 0.692643 784
0 0 0.693592 558
0 0 0.695517 828
0 0 0.697839 958
0 0 0.700492 609
0 0 0.701408 756
0 0 0.705096 494
0 0 0.705111 165
0 0 0.70816 891
0 0 0.708631 389
0 0 0.708643 390
0 0 0.7103 955
0 0 0.711302 486
0 0 0.711776 235
0 0 0.712022 605
0 0 0.712912 276
0 0 0.714968 636
0 0 0.715824 705
0 0 0.719386 800
0 0 0.721255 726
0 0 0.721661 734
0 0 0.723007 170
0 0 0.723996 740
0 0 0.724354 850
0 0 0.724714 169
0 0 0.726081 433
0 0 0.731215 793
0 0 0.731697 640
0 0 0.736611 642
0 0 0.737 843
0 0 0.737055 311
0 0 0.739122 71
0 0 0.740311 572
0 0 0.740754 770
0 0 0.740818 201
0 0 0.7415 765
0 0 0.742211 578
0 0 0.743211 533
0 0 0.744006 458
0 0 0.745155 676
0 0 0.745508 125
0 0 0.747736 463
0 0 0.748491 424
0 0 0.749468 598
0 0 0.749797 681
0 0 0.750013 747
0 0 0.75219 27
0 0 0.752706 895
0 0 0.753301 284
0 0 0.753454 128
0 0 0.753578 702
0 0 0.755366 779
0 0 0.762277 904
0 0 0.764094 402
0 0 0.765223 607
0 0 0.765835 712
0 0 0.766444 867
0 0 0.767958 527
0 0 0.768263 937
0 0 0.768675 851
0 0 0.771274 207
0 0 0.771794 24
0 0 0.77283 273
0 0 0.775275 751
0 0 0.776304 84
0 0 0.776676 122
0 0 0.776822 616
0 0 0.777418 193
0 0 0.777528 737
0 0 0.777758 923
0 0 0.779361 552
0 0 0.783148 830
0 0 0.785611 639
0 0 0.786217 380
0 0 0.786695 506
0 0 0.787687 534
0 0 0.789643 920
0 0 0.790727 369
0 0 0.790739 725
0 0 0.791067 407
0 0 0.792141 548
0 0 0.794068 992
0 0 0.794601 965
0 0 0.795904 903
0 0 0.797389 579
0 0 0.797719 437
0 0 0.798571 875
0 0 0.798633 672
0 0 0.801192 190
0 0 0.801541 716
0 0 0.801631 969
0 0 0.802115 707
0 0 0.802217 129
0 0 0.803863 898
0 0 0.80744 310
0 0 0.807483 324
0 0 0.808244 709
0 0 0.808643 866
0 0 0.809096 787
0 0 0.809973 966
0 0 0.810357 197
0 0 0.810416 874
0 0 0.811379 117
0 0 0.811563 319
0 0 0.812008 308
0 0 0.812099 287
0 0 0.813514 155
0 0 0.815268 813
0 0 0.819296 942
0 0 0.819493 343
0 0 0.820357 856
0 0 0.821227 553
0 0 0.822666 745
0 0 0.82303 869
0 0 0.826347 915
0 0 0.8308 339
0 0 0.831038 970
0 0 0.831744 430
0 0 0.835698 853
0 0 0.840116 632
0 0 0.841644 246
0 0 0.845484 777
0 0 0.851012 536
0 0 0.858715 651
0 0 0.859536 436
0 0 0.861625 266
0 0 0.861914 582
0 0 0.863069 728
0 0 0.866017 679
0 0 0.867119 127
0 0 0.869423 574
0 0 0.871239 388
0 0 0.872928 291
0 0 0.873626 996
0 0 0.873758 83
0 0 0.874458 429
0 0 0.876032 212
0 0 0.87606 280
0 0 0.878807 502
0 0 0.880775 423
0 0 0.882453 815
0 0 0.882582 105
0 0 0.884245 841
0 0 0.88597 944
0 0 0.887191 876
0 0 0.888771 396
0 0 0.889024 993
0 0 0.890991 240
0 0 0.891112 614
0 0 0.892582 366
0 0 0.892651 809
0 0 0.893159 738
0 0 0.894965 328
0 0 0.894971 892
0 0 0.895605 846
0 0 0.896618 701
0 0 0.897329 859
0 0 0.898065 152
0 0 0.901342 499
0 0 0.901994 772
0 0 0.902378 132
0 0 0.902589 986
0 0 0.904643 484
0 0 0.905424 849
0 0 0.905809 835
0 0 0.906692 514
0 0 0.907963 126
0 0 0.907964 426
0 0 0.907984 742
0 0 0.908036 631
0 0 0.908443 656
0 0 0.90949 305
0 0 0.910174 561
0 0 0.910649 897
0 0 0.911614 758
0 0 0.911843 948
0 0 0.912297 597
0 0 0.91378 926
0 0 0.915495 124
0 0 0.916469 814
0 0 0.917567 326
0 0 0.917641 283
0 0 0.917916 689
0 0 0.918384 21
0 0 0.919022 928
0 0 0.919207 467
0 0 0.920404 977
0 0 0.92187 911
0 0 0.922196 592
0 0 0.928175 540
0 0 0.92981 464
0 0 0.930482 568
0 0 0.933756 455
0 0 0.935369 428
0 0 0.936807 180
0 0 0.93833 195
0 0 0.939795 995
0 0 0.943224 924
0 0 0.945033 688
0 0 0.945206 453
0 0 0.945502 606
0 0 0.945913 340
0 0 0.946427 45
0 0 0.947288 191
0 0 0.955539 460
0 0 0.956191 362
0 0 0.957266 391
0 0 0.958492 282
0 0 0.959123 300
0 0 0.959135 667
0 0 0.960599 528
0 0 0.961574 151
0 0 0.962215 384
0 0 0.963248 796
0 0 0.966887 252
0 0 0.967311 589
0 0 0.968009 405
0 0 0.969309 403
0 0 0.970155 917
0 0 0.970674 268
0 0 0.971226 270
0 0 0.97443 406
0 0 0.974471 979
0 0 0.97464 665
0 0 0.975169 259
0 0 0.976108 757
0 0 0.978184 999
0 0 0.979917 490
0 0 0.984493 666
0 0 0.984829 968
0 0 0.98562 11
1 0.928899 0.985662 826-940
0 0 0.986001 330
0 0 0.987199 761
0 0 0.987508 241
0 0 0.987984 171
0 0 0.989024 697
0 0 0.989168 392
0 0 0.991006 858
0 0 0.991226 372
0 0 0.992197 353
0 0 0.992378 896
0 0 0.993773 729
0 0 0.994096 912
0 0 0.994441 55
0 0 0.994913 831
0 0 0.996973 629
0 0 0.998269 377
0 0 1.00407 313
0 0 1.00501 99
0 0 1.00511 202
0 0 1.00521 541
0 0 1.00597 379
0 0 1.00602 760
0 0 1.0071 298
0 0 1.00749 181
0 0 1.00994 290
0 0 1.01026 825
0 0 1.01094 113
0 0 1.01148 77
0 0 1.01305 90
0 0 1.01365 871
0 0 1.01506 116
0 0 1.01536 421
0 0 1.01549 755
0 0 1.01585 198
0 0 1.01639 570
0 0 1.01678 154
0 0 1.01732 654
0 0 1.01735 817
0 0 1.01749 160
0 0 1.0237 318
0 0 1.02423 88
0 0 1.02525 868
0 0 1.02665 921
0 0 1.02851 67
0 0 1.02855 720
0 0 1.02896 658
0 0 1.03279 222
0 0 1.03308 690
0 0 1.03409 952
0 0 1.03434 75
0 0 1.03445 94
0 0 1.03446 736
0 0 1.03449 412
0 0 1.03482 600
0 0 1.03524 976
0 0 1.03577 281
0 0 1.03682 602
0 0 1.03794 196
0 0 1.03795 368
0 0 1.03809 413
0 0 1.03824 221
0 0 1.03861 337
0 0 1.03871 576
0 0 1.03878 345
0 0 1.03986 102
0 0 1.04108 517
0 0 1.04147 680
0 0 1.04248 586
0 0 1.04271 954
0 0 1.04355 85
0 0 1.04423 599
0 0 1.04444 538
0 0 1.04492 378
0 0 1.04564 199
0 0 1.04844 805
0 0 1.04872 216
0 0 1.04925 253
0 0 1.04959 118
0 0 1.05082 140
0 0 1.05249 401
0 0 1.0534 925
0 0 1.05703 493
0 0 1.05825 223
0 0 1.06237 106
0 0 1.06321 908
0 0 1.06886 432
0 0 1.06961 143
0 0 1.07104 188
0 0 1.07133 478
0 0 1.07548 114
0 0 1.07595 78
0 0 1.07667 518
0 0 1.07751 400
0 0 1.08026 162
0 0 1.08043 338
0 0 1.08397 985
0 0 1.08439 367
0 0 1.08593 523
0 0 1.08597 205
0 0 1.0892 294
0 0 1.09109 448
0 0 1.0923 333
0 0 1.0937 442
0 0 1.09376 691
0 0 1.09448 176
0 0 1.09666 539
0 0 1.09722 48
0 0 1.10212 355
0 0 1.10282 792
0 0 1.10364 138
0 0 1.10388 72
0 0 1.10684 73
0 0 1.10693 984
0 0 1.10736 449
0 0 1.10873 344
0 0 1.10997 210
1 1.00261 1.1118 689-884
0 0 1.11452 20
0 0 1.11918 971
0 0 1.12101 49
0 0 1.12254 663
0 0 1.1229 97
0 0 1.12402 783
0 0 1.12541 341
0 0 1.1274 714
0 0 1.12756 522
0 0 1.12997 520
0 0 1.13077 468
0 0 1.13221 304
0 0 1.13528 481
0 0 1.13981 419
0 0 1.14006 5
0 0 1.14276 981
0 0 1.14338 8
0 0 1.14435 248
0 0 1.14477 47
0 0 1.14665 480
0 0 1.14727 489
0 0 1.14814 509
0 0 1.15037 591
0 0 1.15174 79
0 0 1.15481 832
0 0 1.15526 776
0 0 1.15578 18
0 0 1.15644 946
0 0 1.15645 31
0 0 1.15743 59
0 0 1.15762 243
0 0 1.15997 889
0 0 1.16237 161
0 0 1.16338 63
0 0 1.16414 299
0 0 1.16457 507
0 0 1.16466 332
0 0 1.16489 350
0 0 1.16823 922
0 0 1.17006 488
0 0 1.17559 261
0 0 1.17597 247
0 0 1.17605 185
0 0 1.17636 142
1 1.12035 1.17726 273-403
0 0 1.17742 1
0 0 1.17761 810
0 0 1.17845 206
0 0 1.18054 16
0 0 1.18105 100
0 0 1.18227 491
1 1.06503 1.19019 154-353
1 0.869943 1.19232 751-879
0 0 1.19253 81
0 0 1.19625 359
0 0 1.19738 652
0 0 1.19942 136
0 0 1.20083 420
0 0 1.20117 28
0 0 1.20573 438
0 0 1.20592 670
0 0 1.20832 662
0 0 1.20877 54
0 0 1.20933 778
0 0 1.21065 621
0 0 1.21082 32
0 0 1.21233 60
0 0 1.21407 227
0 0 1.22206 174
0 0 1.22453 139
0 0 1.22684 722
0 0 1.22697 447
0 0 1.22876 109
0 0 1.22948 431
0 0 1.22949 801
0 0 1.23053 53
0 0 1.23212 76
0 0 1.23266 39
0 0 1.2373 951
0 0 1.24008 823
0 0 1.24346 671
0 0 1.24574 6
0 0 1.24707 471
0 0 1.24894 15
0 0 1.25065 567
0 0 1.25142 551
0 0 1.25282 885
0 0 1.26234 46
0 0 1.26387 57
0 0 1.26426 68
1 1.18673 1.26991 682-919
0 0 1.27103 446
0 0 1.27153 130
0 0 1.27626 811
0 0 1.27647 905
0 0 1.27679 545
0 0 1.28173 301
0 0 1.2818 178
0 0 1.28226 56
0 0 1.28265 673
0 0 1.28465 224
0 0 1.28474 211
0 0 1.28599 251
0 0 1.28632 498
0 0 1.28809 909
0 0 1.28817 557
0 0 1.28895 289
0 0 1.29317 315
0 0 1.29968 699
0 0 1.29983 215
0 0 1.30352 41
0 0 1.30518 14
0 0 1.30656 257
0 0 1.30933 887
0 0 1.3096 416
1 1.0962 1.31056 193-917
0 0 1.31132 69
0 0 1.31133 959
0 0 1.31144 398
0 0 1.31167 98
0 0 1.31245 234
0 0 1.31271 285
0 0 1.31457 505
0 0 1.31873 684
0 0 1.32026 194
0 0 1.32396 873
0 0 1.32564 44
0 0 1.32884 149
1 1.27215 1.32941 136-463
0 0 1.33113 452
0 0 1.33301 382
0 0 1.3417 704
0 0 1.34362 137
0 0 1.3437 43
0 0 1.34785 209
0 0 1.34942 352
0 0 1.34948 2
0 0 1.35031 52
0 0 1.35204 104
0 0 1.35649 537
0 0 1.35785 852
0 0 1.35957 513
0 0 1.35969 934
0 0 1.3598 706
0 0 1.36341 249
1 1.3659 8.5 737-761
1 1.29761 1.36621 151-807
0 0 1.36775 208
0 0 1.36789 200
0 0 1.36811 510
0 0 1.36826 848
0 0 1.37477 637
0 0 1.37564 411
0 0 1.37566 22
0 0 1.3793 331
0 0 1.38149 611
0 0 1.38579 445
0 0 1.38659 625
0 0 1.388 550
0 0 1.38887 112
0 0 1.38893 274
0 0 1.39269 121
0 0 1.39349 230
0 0 1.39405 7
0 0 1.39444 110
0 0 1.39735 292
0 0 1.39824 980
0 0 1.40079 150
0 0 1.40147 237
0 0 1.40269 231
1 1.11308 1.40329 366-919
0 0 1.40637 325
0 0 1.40966 82
0 0 1.41873 148
0 0 1.42019 25
0 0 1.42189 462
0 0 1.42236 544
0 0 1.4225 773
1 1.09908 1.42291 305-503
0 0 1.42343 476
0 0 1.42363 409
0 0 1.42467 36
1 1.36483 1.4292 511-680
0 0 1.43246 115
0 0 1.43852 220
0 0 1.44111 626
0 0 1.44223 203
0 0 1.44275 91
1 1.38917 1.44562 258-884
0 0 1.44715 120
1 1.37797 1.44803 353-739
1 1.29414 1.4567 831-952
1 1.36129 1.45874 204-739
0 0 1.46006 156
0 0 1.46207 133
0 0 1.46967 427
0 0 1.4702 93
0 0 1.47021 604
0 0 1.47028 108
0 0 1.47191 601
0 0 1.47239 42
0 0 1.47256 146
0 0 1.47567 346
0 0 1.47578 172
0 0 1.47667 277
0 0 1.48232 798
0 0 1.48353 217
0 0 1.48536 141
0 0 1.4884 525
1 1.37546 1.48887 215-885
0 0 1.4992 225
0 0 1.50048 443
0 0 1.50292 30
1 1.25565 1.50447 185-558
0 0 1.50518 173
0 0 1.50771 953
0 0 1.50909 264
0 0 1.51091 397
1 1.3668 1.51422 78-83
0 0 1.5153 10
0 0 1.52549 314
0 0 1.53181 957
0 0 1.53333 456
0 0 1.53458 38
1 1.31411 1.54519 83-624
0 0 1.5453 23
1 1.30816 1.54603 88-865
0 0 1.54838 532
0 0 1.54876 322
0 0 1.54908 479
1 1.38886 1.55232 327-728
0 0 1.55306 95
0 0 1.55427 17
0 0 1.55571 775
0 0 1.55968 329
0 0 1.56005 302
0 0 1.56116 13
0 0 1.5626 472
0 0 1.56734 145
0 0 1.56809 182
0 0 1.57034 35
0 0 1.57373 4
0 0 1.57656 166
0 0 1.57736 262
0 0 1.58152 87
1 1.30535 1.58645 319-838
0 0 1.591 263
1 1.42568 1.59283 238-735
1 1.31481 1.59715 86-480
1 1.36401 1.59874 273-714
0 0 1.60501 945
0 0 1.60909 64
0 0 1.61005 65
1 1.41553 1.61124 475-631
0 0 1.61294 219
0 0 1.61329 434
0 0 1.61844 92
1 1.50357 1.6248 740-808
1 1.41083 1.6258 666-754
0 0 1.62959 119
0 0 1.63266 991
1 1.35864 1.63462 126-607
0 0 1.6356 134
1 1.63596 8.5 219-562
0 0 1.64283 19
0 0 1.64406 189
0 0 1.64478 250
0 0 1.65152 515
1 1.26158 1.65225 151-665
1 1.54866 1.65262 124-243
0 0 1.65491 66
0 0 1.65521 157
0 0 1.65954 271
1 1.54937 1.66046 399-656
1 1.36056 1.66281 57-584
0 0 1.66508 86
0 0 1.66575 187
0 0 1.67492 62
1 1.18616 1.67923 495-686
1 1.64272 1.6976 365-855
1 1.39366 1.69782 689-741
0 0 1.70447 890
0 0 1.70543 9
1 1.62104 1.71275 588-866
0 0 1.71568 228
0 0 1.71782 159
0 0 1.73753 323
0 0 1.74012 164
1 1.61478 1.74059 500-745
0 0 1.75566 167
1 1.18269 1.75936 355-912
0 0 1.76218 184
0 0 1.76598 12
0 0 1.76621 168
0 0 1.76839 236
0 0 1.76985 214
0 0 1.77268 593
0 0 1.77378 50
0 0 1.7807 404
0 0 1.78216 862
1 1.37032 1.79476 54-887
1 1.55261 1.80062 150-604
0 0 1.80073 163
1 1.40441 1.80551 276-959
0 0 1.81012 26
1 1.57401 1.81078 332-917
0 0 1.81147 546
1 1.60377 1.8349 332-428
1 1.67163 1.838 127-391
1 1.55955 1.85027 355-959
0 0 1.85689 218
1 1.73834 1.85926 185-340
1 1.23299 1.87156 412-686
0 0 1.87937 29
1 1.18181 1.89234 294-428
1 1.74219 1.89315 517-975
1 1.59116 1.8939 428-614
0 0 1.90108 107
0 0 1.90348 303
0 0 1.9095 34
0 0 1.91378 58
1 1.25597 1.91552 420-731
1 1.72156 1.91786 187-401
0 0 1.91828 186
0 0 1.93422 529
0 0 1.93761 296
1 1.83349 1.93762 358-420
1 1.85465 1.94365 521-605
0 0 1.94518 3
1 1.84636 1.94538 188-960
1 1.43033 1.94891 116-577
1 1.506 1.94905 210-333
1 1.34328 1.94938 294-638
1 1.8383 1.96029 165-953
1 1.22752 1.96217 20-687
1 1.56243 1.96538 442-653
0 0 1.96803 256
1 1.7337 1.97696 199-249
0 0 1.98668 229
0 0 1.99416 144
1 1.76535 2.01507 283-644
1 1.33809 2.01578 567-873
1 1.34923 2.02657 126-740
1 1.49372 2.03011 621-773
1 1.71714 2.04605 149-925
1 1.74462 2.06852 94-440
1 1.77799 2.07456 603-817
1 1.93526 2.10934 549-626
1 1.99311 2.11701 4-214
1 1.77709 2.11817 431-936
0 0 2.12379 840
1 1.64723 2.13352 67-238
1 1.80971 2.1509 109-221
1 1.55766 2.17161 599-777
0 0 2.17317 61
1 1.75268 2.17412 191-635
1 1.57396 2.17541 161-625
1 1.987 2.19561 314-316
0 0 2.19971 317
1 1.96258 2.23183 658-871
1 1.94675 2.23247 28-98
1 1.91723 2.24022 134-812
1 1.52806 2.24162 45-877
1 2.17349 2.24841 50-184
1 1.53062 2.25801 555-794
1 1.77464 2.28086 346-946
1 1.36562 2.28153 841-936
1 2.07335 2.28377 525-736
1 1.52623 2.30309 473-702
1 1.95565 2.30655 138-322
1 1.87342 2.30682 422-892
1 2.22697 2.31316 143-789
1 2.19414 2.31318 1-432
1 1.69569 2.33197 187-244
1 1.51683 2.34463 555-720
1 1.80743 2.34944 348-611
0 0 2.3513 845
1 2.21404 2.35358 231-682
1 2.28712 2.35741 593-809
1 2.21048 2.35935 253-405
1 1.67646 2.36675 211-943
1 1.93057 2.41971 436-663
1 1.90664 2.44527 159-722
1 2.27076 2.45508 189-969
1 2.33602 2.46026 741-970
1 1.62347 2.46107 626-953
1 1.54796 2.46561 568-600
1 2.26871 2.47077 80-664
1 1.72743 2.48281 30-960
1 1.55729 2.49025 930-934
1 1.66902 2.49113 753-822
1 2.03013 2.50459 95-753
1 1.72944 2.51885 202-310
1 2.35615 2.53832 915-922
1 2.12354 2.54238 261-482
1 2.3614 2.54349 251-557
1 1.73297 2.55476 392-671
1 1.84513 2.56779 299-491
1 1.83486 2.57196 13-923
1 2.1875 2.57229 524-805
1 2.2693 2.57247 164-524
1 2.02317 2.58051 743-778
1 1.53532 2.58652 352-914
1 1.63915 2.59518 652-850
1 2.50743 2.59555 270-950
1 2.44645 2.61035 35-245
1 1.90421 2.61377 237-743
1 1.66928 2.62742 413-860
1 1.92007 2.6356 4-843
1 2.3778 2.63742 452-831
1 2.21387 2.64355 369-601
1 2.5937 2.64551 262-434
1 2.3649 2.6486 272-759
1 1.86441 2.66233 164-864
1 2.55808 2.66662 302-779
1 2.02803 2.69988 462-585
1 2.24382 2.71521 190-861
1 2.359 2.72037 632-921
1 2.3841 2.72261 76-229
1 2.12246 2.72799 248-385
1 1.7208 2.73837 220-775
1 1.51002 2.74446 43-91
1 2.62109 2.75922 236-954
1 2.40955 2.77425 307-945
1 2.60496 2.79871 513-957
1 2.47347 2.79893 187-839
1 2.5428 2.8009 280-462
1 1.81192 2.81357 96-289
1 1.89549 2.81695 274-405
1 2.60969 2.82984 61-488
1 2.6328 2.83002 94-468
1 2.16598 2.84118 225-848
1 2.03628 2.84691 90-447
1 1.60742 2.85208 130-414
1 2.8196 2.88221 352-706
1 2.27066 2.90076 115-934
1 2.61162 2.90106 217-416
1 2.45895 2.904 87-998
1 1.96086 2.91252 397-798
1 1.95539 2.91504 58-715
1 2.47346 2.9205 290-916
1 1.67556 2.93106 359-837
1 2.20544 2.94629 290-340
1 2.29148 2.94989 145-228
1 1.96336 2.95231 7-398
1 1.7807 2.97603 184-980
1 1.94397 2.99078 296-931
1 1.97933 2.99443 313-416
1 2.51954 3.02282 451-547
1 2.96078 3.0361 290-656
1 2.20578 3.03657 214-945
1 2.65085 3.04207 298-836
1 2.66644 3.0474 191-935
1 2.02223 3.04887 646-796
1 2.88379 3.0545 317-699
1 1.66979 3.05965 234-915
1 2.83399 3.07713 101-904
1 3.03228 3.09177 247-532
1 2.66816 3.11445 313-529
1 2.90388 3.12588 218-965
1 2.67475 3.12943 285-991
1 2.87139 3.13195 218-681
1 2.50975 3.13362 217-529
1 2.41311 3.14648 159-320
1 2.91709 3.17489 601-766
1 2.02892 3.18506 611-634
1 2.83636 3.18657 323-845
1 2.44054 3.1892 337-550
1 2.13138 3.19813 472-497
1 1.58234 3.20392 288-391
1 1.9029 3.20693 466-980
1 2.41164 3.23374 156-456
1 2.19934 3.24424 129-926
1 1.42967 3.24883 445-721
1 2.54441 3.26159 434-550
1 1.76113 3.27171 671-986
1 3.29668 3.36898 606-986
1 2.36759 3.39286 301-683
1 1.94581 3.39817 287-981
1 2.08703 3.40069 161-902
1 1.81337 3.41079 292-801
1 1.73023 3.45994 203-985
1 1.86331 3.47188 701-833
1 1.66045 3.48496 170-194
1 2.24628 3.50901 357-840
1 2.78407 3.52017 862-991
1 3.41834 3.52595 382-885
1 2.08759 3.57898 206-452
1 2.58178 3.59481 387-954
1 2.31654 3.59823 504-991
1 1.79165 3.60703 92-531
1 1.65152 3.81692 133-304
1 2.22155 3.86481 12-747
1 3.08796 3.8667 125-840
1 2.60554 3.96015 233-781
1 2.15378 3.99261 243-593
1 3.1631 4.00994 178-256
1 3.46121 4.0113 10-229
1 2.14318 4.02728 265-765
1 1.78908 4.05318 560-922
2 3.9967 4.10203 162-747-865
1 2.42826 4.14906 505-944
1 2.01625 4.18323 394-716
1 3.44784 4.27235 769-845
1 2.37364 4.35756 457-699
1 3.70765 4.64116 326-984
1 1.97881 4.68992 163-706
1 1.74137 4.84229 676-981
2 5.28456 8.5 393-756-862
