0 0 8.5 0
0 0 0.0532278 693
0 0 0.0860599 535
0 0 0.0894112 627
0 0 0.108098 628
0 0 0.108134 612
0 0 0.109642 417
0 0 0.115063 827
0 0 0.128144 771
0 0 0.128458 286
0 0 0.129369 940
0 0 0.130918 648
0 0 0.131011 717
0 0 0.131591 560
0 0 0.131681 336
0 0 0.140618 395
0 0 0.140915 961
0 0 0.142498 457
0 0 0.154578 441
0 0 0.155869 320
0 0 0.158768 177
0 0 0.16163 829
0 0 0.164737 994
0 0 0.165443 883
0 0 0.167314 978
0 0 0.177652 565
0 0 0.18125 677
0 0 0.181993 974
0 0 0.187963 594
0 0 0.190648 655
0 0 0.194591 935
0 0 0.200835 844
0 0 0.202555 573
0 0 0.203653 753
0 0 0.20521 972
0 0 0.207463 733
0 0 0.208296 857
0 0 0.212614 963
0 0 0.213474 906
0 0 0.213706 89
0 0 0.213786 982
0 0 0.218687 816
0 0 0.223154 838
0 0 0.224522 732
0 0 0.22538 822
0 0 0.225585 746
0 0 0.22611 767
0 0 0.231624 559
0 0 0.234957 123
0 0 0.23696 354
0 0 0.238006 700
0 0 0.244787 51
0 0 0.249144 618
0 0 0.252519 967
0 0 0.254226 894
0 0 0.255658 769
0 0 0.258457 422
0 0 0.25851 863
0 0 0.261555 620
0 0 0.262727 669
0 0 0.26559 826
0 0 0.266891 547
0 0 0.269966 265
0 0 0.275292 226
0 0 0.275795 938
0 0 0.277893 492
0 0 0.281521 461
0 0 0.283417 855
0 0 0.283532 901
0 0 0.28542 834
0 0 0.287772 668
0 0 0.291957 735
0 0 0.293331 386
0 0 0.29391 860
0 0 0.295076 634
0 0 0.29736 939
0 0 0.300492 989
0 0 0.307239 696
0 0 0.309602 385
0 0 0.309884 371
0 0 0.31094 375
0 0 0.311662 785
0 0 0.312601 983
0 0 0.312813 260
0 0 0.315738 678
0 0 0.316275 267
0 0 0.3181 645
0 0 0.319361 495
0 0 0.320387 661
0 0 0.321321 564
0 0 0.322884 365
0 0 0.323395 872
0 0 0.324297 973
0 0 0.326309 879
0 0 0.326446 542
0 0 0.335497 644
0 0 0.336906 641
0 0 0.338908 278
0 0 0.339034 870
0 0 0.339372 334
0 0 0.340652 768
0 0 0.346878 943
0 0 0.355855 839
0 0 0.357582 335
0 0 0.360413 342
0 0 0.361669 175
0 0 0.363482 204
0 0 0.363639 473
0 0 0.367652 596
0 0 0.369664 376
0 0 0.371584 997
0 0 0.384745 399
0 0 0.385568 158
0 0 0.38656 990
0 0 0.387921 804
0 0 0.388852 519
0 0 0.390109 819
0 0 0.393058 947
0 0 0.393247 482
0 0 0.396562 530
0 0 0.397641 930
0 0 0.399942 566
0 0 0.403352 563
0 0 0.405365 727
0 0 0.407567 664
0 0 0.413332 633
0 0 0.41408 613
0 0 0.418412 562
0 0 0.419115 617
0 0 0.428094 521
0 0 0.429193 469
0 0 0.430721 754
0 0 0.432079 763
0 0 0.434477 987
0 0 0.436933 730
0 0 0.438369 364
0 0 0.438421 356
0 0 0.440794 788
0 0 0.44189 861
0 0 0.442044 808
0 0 0.442045 802
0 0 0.443086 724
0 0 0.44415 932
0 0 0.445449 531
0 0 0.44613 927
0 0 0.449052 232
0 0 0.449245 347
0 0 0.450102 882
0 0 0.45396 361
0 0 0.454822 653
0 0 0.457024 307
0 0 0.457135 623
0 0 0.457233 650
0 0 0.457729 847
0 0 0.460342 739
0 0 0.460689 288
0 0 0.461309 931
0 0 0.463537 615
0 0 0.464422 687
0 0 0.46445 465
0 0 0.464733 916
0 0 0.465831 803
0 0 0.466788 588
0 0 0.467119 782
0 0 0.471315 713
0 0 0.474502 899
0 0 0.477691 797
0 0 0.478897 306
0 0 0.480186 418
0 0 0.480548 902
0 0 0.480971 454
0 0 0.481639 988
0 0 0.48194 603
0 0 0.483671 459
0 0 0.486553 886
0 0 0.487174 774
0 0 0.487425 864
0 0 0.487786 349
0 0 0.489059 956
0 0 0.490993 824
0 0 0.491257 624
0 0 0.493602 630
0 0 0.494309 836
0 0 0.495118 750
0 0 0.495489 556
0 0 0.497279 587
0 0 0.497771 675
0 0 0.498391 643
0 0 0.49969 508
0 0 0.502147 516
0 0 0.504869 950
0 0 0.505006 719
0 0 0.505193 708
0 0 0.505369 743
0 0 0.506056 703
0 0 0.507695 646
0 0 0.511486 414
0 0 0.512086 749
0 0 0.513063 585
0 0 0.513133 470
0 0 0.515248 723
0 0 0.516594 408
0 0 0.51713 358
0 0 0.518089 941
0 0 0.519377 795
0 0 0.519919 686
0 0 0.52112 496
0 0 0.522137 387
0 0 0.522272 40
0 0 0.527332 649
0 0 0.527814 619
0 0 0.527881 474
0 0 0.528522 451
0 0 0.529597 244
0 0 0.530756 960
0 0 0.532486 818
0 0 0.5333 698
0 0 0.533535 33
0 0 0.534931 135
0 0 0.535086 878
0 0 0.535305 918
0 0 0.535519 715
0 0 0.53732 910
0 0 0.537713 111
0 0 0.538005 718
0 0 0.538804 833
0 0 0.539728 74
0 0 0.540069 907
0 0 0.540418 487
0 0 0.541619 692
0 0 0.542892 327
0 0 0.543761 638
0 0 0.545249 780
0 0 0.545719 949
0 0 0.546864 647
0 0 0.548153 766
0 0 0.549734 575
0 0 0.550344 477
0 0 0.550698 786
0 0 0.551096 272
0 0 0.552117 254
0 0 0.553479 694
0 0 0.553793 881
0 0 0.554204 500
0 0 0.554637 854
0 0 0.555553 660
0 0 0.556151 962
0 0 0.558737 147
0 0 0.559117 357
0 0 0.559989 888
0 0 0.562429 70
0 0 0.562993 711
0 0 0.563167 880
0 0 0.564446 741
0 0 0.566411 239
0 0 0.566416 383
0 0 0.566453 781
0 0 0.566511 583
0 0 0.567928 363
0 0 0.569113 425
0 0 0.570437 415
0 0 0.571101 608
0 0 0.572318 245
0 0 0.574226 96
0 0 0.576474 590
0 0 0.577817 913
0 0 0.578195 524
0 0 0.580058 581
0 0 0.580619 555
0 0 0.580939 865
0 0 0.581187 806
0 0 0.581704 80
0 0 0.582662 936
0 0 0.583197 440
0 0 0.583475 837
0 0 0.585733 554
0 0 0.585764 820
0 0 0.587233 759
0 0 0.587685 577
0 0 0.590348 674
0 0 0.590674 348
0 0 0.590754 549
0 0 0.595286 877
0 0 0.596805 393
0 0 0.596819 526
0 0 0.598802 569
0 0 0.599515 279
0 0 0.601365 710
0 0 0.60232 695
0 0 0.607132 543
0 0 0.607403 635
0 0 0.608549 610
0 0 0.609258 435
0 0 0.610148 580
0 0 0.611236 998
0 0 0.611314 370
0 0 0.612253 752
0 0 0.61233 762
0 0 0.613139 153
0 0 0.614075 485
0 0 0.614854 179
0 0 0.615133 799
0 0 0.61637 685
0 0 0.616755 933
0 0 0.618839 731
0 0 0.620908 439
0 0 0.621341 37
0 0 0.622139 721
0 0 0.622271 450
0 0 0.622379 213
0 0 0.623989 975
0 0 0.625292 789
0 0 0.625605 309
0 0 0.626927 659
0 0 0.62739 929
0 0 0.629881 756
0 0 0.631026 893
0 0 0.631416 784
0 0 0.632832 475
0 0 0.634412 657
0 0 0.636228 170
0 0 0.637012 131
0 0 0.637026 503
0 0 0.638335 807
0 0 0.639002 312
0 0 0.639799 269
0 0 0.639962 958
0 0 0.640542 622
0 0 0.640953 636
0 0 0.641308 964
0 0 0.641789 812
0 0 0.642688 103
0 0 0.642887 764
0 0 0.645432 374
0 0 0.645783 744
0 0 0.648207 790
0 0 0.650141 884
0 0 0.65298 424
0 0 0.654904 851
0 0 0.655258 297
0 0 0.655337 748
0 0 0.655911 183
0 0 0.656366 579
0 0 0.657527 444
0 0 0.660359 794
0 0 0.661707 900
0 0 0.663299 504
0 0 0.66332 316
0 0 0.663356 410
0 0 0.664957 584
0 0 0.665845 295
0 0 0.667841 497
0 0 0.669629 276
0 0 0.670672 791
0 0 0.671258 595
0 0 0.671831 821
0 0 0.672895 381
0 0 0.673862 373
0 0 0.673874 842
0 0 0.676268 683
0 0 0.677171 83
0 0 0.679231 558
0 0 0.680934 571
0 0 0.683356 433
0 0 0.683886 830
0 0 0.684286 293
0 0 0.68456 192
0 0 0.684949 895
0 0 0.684972 512
0 0 0.68584 501
0 0 0.688813 360
0 0 0.689728 275
0 0 0.690481 321
0 0 0.69253 389
0 0 0.693959 369
0 0 0.694321 511
0 0 0.694337 483
0 0 0.695168 238
0 0 0.697283 458
0 0 0.697707 843
0 0 0.698308 390
0 0 0.698858 770
0 0 0.703454 640
0 0 0.703607 682
0 0 0.704539 394
0 0 0.704692 904
0 0 0.706583 463
0 0 0.708063 578
0 0 0.713466 242
0 0 0.714715 351
0 0 0.715897 128
0 0 0.716209 914
0 0 0.716232 955
0 0 0.717739 734
0 0 0.718267 737
0 0 0.718707 533
0 0 0.719982 466
0 0 0.722359 598
0 0 0.73073 273
0 0 0.731514 712
0 0 0.731809 437
0 0 0.73222 639
0 0 0.73308 235
0 0 0.736122 850
0 0 0.736148 705
0 0 0.737983 919
0 0 0.739775 553
0 0 0.740285 233
0 0 0.745204 745
0 0 0.746735 486
0 0 0.747782 407
0 0 0.748701 716
0 0 0.750944 747
0 0 0.751091 609
0 0 0.752373 676
0 0 0.752528 765
0 0 0.754017 726
0 0 0.754763 494
0 0 0.7548 672
0 0 0.755208 129
0 0 0.755342 169
0 0 0.755545 311
0 0 0.755809 197
0 0 0.756587 506
0 0 0.756693 875
0 0 0.757434 903
0 0 0.758332 402
0 0 0.760917 681
0 0 0.761802 165
0 0 0.762981 891
0 0 0.763165 255
0 0 0.763934 258
0 0 0.765167 101
0 0 0.768803 308
0 0 0.771384 201
0 0 0.77197 284
0 0 0.772973 430
0 0 0.773388 915
0 0 0.774585 207
0 0 0.77625 436
0 0 0.776347 534
0 0 0.776709 740
0 0 0.777252 793
0 0 0.778885 970
0 0 0.778982 937
0 0 0.77904 27
0 0 0.779431 212
0 0 0.78162 71
0 0 0.782798 992
0 0 0.783423 310
0 0 0.783878 607
0 0 0.783881 324
0 0 0.784833 572
0 0 0.784855 536
0 0 0.786651 813
0 0 0.787469 380
0 0 0.787509 190
0 0 0.789679 552
0 0 0.794594 548
0 0 0.795182 84
0 0 0.795625 867
0 0 0.796201 702
0 0 0.796565 707
0 0 0.797082 527
0 0 0.799347 920
0 0 0.800404 800
0 0 0.801623 326
0 0 0.802492 642
0 0 0.803495 828
0 0 0.804577 319
0 0 0.804903 155
0 0 0.805322 751
0 0 0.806259 853
0 0 0.807198 125
0 0 0.808728 779
0 0 0.810864 874
0 0 0.811482 965
0 0 0.814016 616
0 0 0.814746 966
0 0 0.814786 605
0 0 0.81529 856
0 0 0.81685 996
0 0 0.819328 651
0 0 0.819845 423
0 0 0.82125 944
0 0 0.821646 287
0 0 0.824421 117
0 0 0.826262 709
0 0 0.827806 193
0 0 0.829361 725
0 0 0.83247 969
0 0 0.834443 898
0 0 0.837567 540
0 0 0.84002 105
0 0 0.840494 689
0 0 0.840525 597
0 0 0.841861 869
0 0 0.844984 484
0 0 0.846962 679
0 0 0.847744 122
0 0 0.848206 701
0 0 0.850807 24
0 0 0.852098 859
0 0 0.855111 772
0 0 0.85591 246
0 0 0.858763 866
0 0 0.860198 728
0 0 0.862077 923
0 0 0.862877 280
0 0 0.86417 849
0 0 0.864358 738
0 0 0.866494 502
0 0 0.867783 942
0 0 0.873076 986
0 0 0.873885 339
0 0 0.876676 426
0 0 0.880062 814
0 0 0.884032 632
0 0 0.884181 429
0 0 0.885378 574
0 0 0.885802 911
0 0 0.886212 291
0 0 0.890258 665
0 0 0.894301 270
0 0 0.895197 124
0 0 0.895366 343
0 0 0.89558 761
0 0 0.89591 127
0 0 0.89972 876
0 0 0.902495 499
0 0 0.90429 809
0 0 0.905762 240
0 0 0.906138 514
0 0 0.906975 948
0 0 0.911011 126
0 0 0.911181 428
0 0 0.911502 841
0 0 0.911755 667
0 0 0.911836 656
0 0 0.913428 614
0 0 0.914124 582
0 0 0.914218 777
0 0 0.91434 45
0 0 0.914578 396
0 0 0.915481 259
0 0 0.917768 993
0 0 0.919113 977
0 0 0.91964 835
0 0 0.920444 561
0 0 0.920776 21
0 0 0.921347 917
0 0 0.921684 892
0 0 0.922476 328
0 0 0.922916 413
0 0 0.923486 377
0 0 0.924042 897
0 0 0.925231 305
0 0 0.925707 464
0 0 0.928151 999
0 0 0.929525 191
0 0 0.934144 132
0 0 0.934422 631
0 0 0.938857 787
0 0 0.939039 815
0 0 0.939715 928
0 0 0.939789 362
0 0 0.943331 467
0 0 0.943339 283
0 0 0.943475 758
0 0 0.945333 366
0 0 0.945379 846
0 0 0.945812 690
0 0 0.946569 968
0 0 0.947253 268
0 0 0.947303 952
0 0 0.949618 896
0 0 0.949754 403
0 0 0.949915 796
0 0 0.950815 300
0 0 0.951208 654
0 0 0.952558 388
0 0 0.952745 113
0 0 0.956386 180
0 0 0.957505 490
0 0 0.958596 995
0 0 0.959202 688
0 0 0.960934 976
0 0 0.961665 353
0 0 0.961672 570
0 0 0.961896 568
1 0.847785 0.96213 312-461
0 0 0.962376 391
0 0 0.967787 455
0 0 0.968261 151
0 0 0.968338 313
0 0 0.968765 181
0 0 0.969684 340
0 0 0.971467 171
0 0 0.973302 697
0 0 0.976643 742
0 0 0.977539 971
0 0 0.978669 858
0 0 0.978754 541
0 0 0.979823 405
0 0 0.980401 384
0 0 0.981488 729
0 0 0.981721 592
0 0 0.98253 599
0 0 0.982947 266
0 0 0.984029 252
0 0 0.984374 152
0 0 0.987014 55
0 0 0.987424 868
0 0 0.987616 924
0 0 0.989167 666
0 0 0.989887 160
0 0 0.991725 330
0 0 0.991917 290
0 0 0.992214 979
0 0 0.993911 985
0 0 0.994341 720
0 0 0.994495 195
0 0 0.995118 629
0 0 0.995466 202
0 0 0.99764 221
0 0 0.997919 198
0 0 0.998342 298
0 0 0.999861 406
0 0 1.00152 94
0 0 1.00184 77
0 0 1.00892 196
0 0 1.01335 757
0 0 1.01382 576
0 0 1.01419 368
0 0 1.01498 760
0 0 1.01752 11
0 0 1.01757 282
0 0 1.02049 338
0 0 1.02136 154
0 0 1.02515 926
0 0 1.02682 88
0 0 1.02717 921
0 0 1.02846 48
0 0 1.02899 831
1 0.937457 1.0291 386-408
0 0 1.03015 281
0 0 1.03133 528
0 0 1.03237 223
0 0 1.03313 116
0 0 1.03314 586
0 0 1.03423 318
0 0 1.03525 736
0 0 1.03545 453
0 0 1.03628 825
0 0 1.03649 253
0 0 1.03656 460
0 0 1.03703 600
0 0 1.03711 912
0 0 1.03773 114
0 0 1.03896 333
0 0 1.0403 606
0 0 1.04146 90
0 0 1.04223 663
0 0 1.0434 99
0 0 1.04361 805
0 0 1.04429 755
0 0 1.04493 691
0 0 1.04529 589
0 0 1.04569 20
0 0 1.04643 538
0 0 1.04755 400
0 0 1.04825 523
0 0 1.05061 241
0 0 1.05736 871
0 0 1.05818 908
0 0 1.05844 222
0 0 1.05984 421
0 0 1.06003 199
0 0 1.06014 379
0 0 1.06024 344
0 0 1.06077 332
0 0 1.06088 216
0 0 1.06117 680
0 0 1.06193 67
0 0 1.0635 539
0 0 1.06493 478
0 0 1.06846 140
0 0 1.07025 776
0 0 1.07066 378
0 0 1.07121 337
0 0 1.07176 106
0 0 1.07774 449
0 0 1.07911 925
0 0 1.08051 243
0 0 1.08097 210
0 0 1.08448 493
0 0 1.08451 205
0 0 1.08492 72
0 0 1.08629 188
0 0 1.0874 367
0 0 1.08851 817
0 0 1.09238 954
0 0 1.09466 520
0 0 1.09537 448
0 0 1.09618 8
0 0 1.09718 294
0 0 1.09779 176
0 0 1.09787 345
0 0 1.10058 792
0 0 1.10164 162
0 0 1.10235 247
0 0 1.10446 85
0 0 1.10456 522
0 0 1.10503 75
0 0 1.10541 138
0 0 1.10591 31
0 0 1.10606 468
0 0 1.10659 432
0 0 1.10849 78
0 0 1.11012 261
0 0 1.11344 299
0 0 1.11632 889
0 0 1.11635 39
0 0 1.11756 517
0 0 1.11981 18
0 0 1.12052 392
0 0 1.12068 118
0 0 1.12161 658
0 0 1.12286 412
0 0 1.12295 518
0 0 1.12357 372
0 0 1.12481 401
0 0 1.12671 73
0 0 1.12826 507
0 0 1.13194 63
0 0 1.13474 442
0 0 1.13577 488
0 0 1.13801 49
0 0 1.14194 102
0 0 1.14196 438
0 0 1.14391 984
0 0 1.14478 652
0 0 1.14506 28
0 0 1.14595 602
1 1.09514 1.15127 1-880
0 0 1.15425 143
0 0 1.15442 5
0 0 1.155 722
0 0 1.15666 420
0 0 1.15688 142
0 0 1.15963 341
0 0 1.16142 16
0 0 1.16182 591
0 0 1.16373 355
0 0 1.16543 714
0 0 1.1671 59
0 0 1.16747 832
0 0 1.16752 350
0 0 1.16812 304
0 0 1.16813 60
0 0 1.16877 810
0 0 1.1697 489
0 0 1.17138 1
0 0 1.17214 670
0 0 1.17604 946
0 0 1.17798 248
0 0 1.18213 673
0 0 1.18497 481
1 1.01255 1.18802 689-884
0 0 1.18885 885
0 0 1.19 480
0 0 1.19265 161
0 0 1.19632 185
0 0 1.19644 47
0 0 1.19973 130
0 0 1.20418 778
0 0 1.20442 81
0 0 1.20571 981
0 0 1.20681 97
0 0 1.20857 905
0 0 1.20967 419
0 0 1.21039 100
0 0 1.2128 79
0 0 1.21512 139
0 0 1.21831 54
0 0 1.22 206
0 0 1.22275 224
1 0.807866 1.22288 751-879
0 0 1.22296 251
0 0 1.22356 509
0 0 1.22939 6
0 0 1.23224 823
0 0 1.23406 621
0 0 1.23496 446
0 0 1.23516 109
0 0 1.23526 15
0 0 1.2353 783
0 0 1.24039 873
0 0 1.24264 32
0 0 1.24448 136
0 0 1.24546 76
0 0 1.2459 53
0 0 1.24729 209
0 0 1.24927 662
0 0 1.2507 289
0 0 1.25113 491
1 1.05266 1.2519 154-353
0 0 1.25518 359
0 0 1.25694 959
0 0 1.25848 671
0 0 1.26011 227
0 0 1.26125 174
0 0 1.26244 257
0 0 1.26483 505
0 0 1.26595 811
0 0 1.26663 951
0 0 1.26761 498
0 0 1.26814 57
0 0 1.26845 46
1 1.14086 1.26849 373-782
0 0 1.26941 44
0 0 1.27083 98
0 0 1.27213 922
0 0 1.27318 301
0 0 1.2758 567
0 0 1.28312 471
0 0 1.28329 887
0 0 1.28861 285
0 0 1.28925 215
0 0 1.29356 537
1 1.14386 1.29697 682-919
0 0 1.30001 801
0 0 1.30253 56
0 0 1.30256 416
1 1.0455 1.30265 368-459
0 0 1.30315 447
0 0 1.30425 398
0 0 1.30457 178
0 0 1.30575 352
0 0 1.3071 211
1 1.11685 1.30854 193-917
0 0 1.31002 137
0 0 1.31338 510
0 0 1.31437 545
0 0 1.31515 699
0 0 1.31583 852
0 0 1.31885 14
0 0 1.31989 382
0 0 1.3205 149
0 0 1.32343 557
0 0 1.32351 234
0 0 1.32482 551
0 0 1.32742 431
0 0 1.33352 150
0 0 1.33473 203
0 0 1.33708 704
0 0 1.33764 68
0 0 1.33825 445
0 0 1.33919 41
0 0 1.3408 2
0 0 1.3441 909
0 0 1.34435 112
0 0 1.34506 52
0 0 1.34727 274
0 0 1.34959 7
0 0 1.35005 120
0 0 1.35243 208
0 0 1.35541 69
0 0 1.35585 684
1 1.26079 1.35755 180-966
0 0 1.36223 773
1 1.28222 1.36316 519-774
0 0 1.37025 325
0 0 1.37026 110
0 0 1.37142 104
0 0 1.37144 82
0 0 1.3716 230
0 0 1.37353 411
0 0 1.37411 848
0 0 1.3746 331
0 0 1.37738 637
0 0 1.38087 249
0 0 1.38153 706
0 0 1.38266 25
1 1.26815 1.38439 831-952
0 0 1.38562 550
0 0 1.38564 22
0 0 1.38646 315
0 0 1.38724 237
0 0 1.38905 148
0 0 1.38925 121
0 0 1.39106 513
0 0 1.39492 43
0 0 1.39594 220
1 1.39752 8.5 895-979
0 0 1.3995 611
0 0 1.40184 625
1 1.27938 1.41471 258-884
0 0 1.41531 626
1 1.10068 1.41647 366-919
0 0 1.41721 980
0 0 1.42145 397
0 0 1.42283 200
0 0 1.42354 544
0 0 1.42991 156
0 0 1.43082 452
1 1.35186 1.43592 655-739
1 1.35128 1.43626 353-739
0 0 1.43756 231
1 1.24963 1.43824 78-83
0 0 1.44037 91
1 1.19716 1.44129 185-558
0 0 1.44231 277
1 1.38911 1.44281 237-559
0 0 1.44326 409
0 0 1.44406 115
0 0 1.44558 194
0 0 1.44774 601
0 0 1.44817 346
0 0 1.44988 462
0 0 1.45165 217
0 0 1.45598 4
0 0 1.45686 945
0 0 1.45698 934
0 0 1.45786 292
0 0 1.46008 798
0 0 1.46084 133
0 0 1.46362 525
0 0 1.46628 36
0 0 1.47125 173
0 0 1.47434 427
0 0 1.47505 479
0 0 1.47657 225
0 0 1.47727 93
0 0 1.49593 314
0 0 1.50066 64
0 0 1.50087 146
0 0 1.50753 476
0 0 1.50911 604
0 0 1.51216 23
0 0 1.51323 302
0 0 1.51902 38
0 0 1.52502 87
0 0 1.52509 264
0 0 1.52662 42
0 0 1.52995 443
1 1.40078 1.53471 83-624
0 0 1.53498 30
0 0 1.53533 108
0 0 1.53814 145
0 0 1.54108 10
1 1.46959 1.54606 215-885
0 0 1.54944 95
0 0 1.5495 957
0 0 1.54995 262
0 0 1.55144 13
0 0 1.55293 775
1 1.41893 1.5537 327-728
0 0 1.56111 322
0 0 1.56595 329
0 0 1.56734 532
0 0 1.56874 17
0 0 1.56878 134
0 0 1.56881 263
0 0 1.5704 228
0 0 1.57134 141
0 0 1.57374 66
1 1.28963 1.57479 88-865
0 0 1.57822 166
0 0 1.57874 456
1 1.34427 1.57901 57-584
0 0 1.57913 472
0 0 1.58608 250
0 0 1.58652 182
0 0 1.58873 35
0 0 1.58903 187
0 0 1.59001 953
0 0 1.59402 19
1 1.30126 1.59684 86-480
0 0 1.5991 434
0 0 1.60098 189
1 1.41353 1.60535 273-714
0 0 1.60652 65
0 0 1.61266 9
1 1.38518 1.6145 475-631
1 1.55032 1.61775 124-243
0 0 1.61852 172
1 1.38991 1.62036 319-838
0 0 1.62115 515
1 1.2923 1.62774 126-740
0 0 1.63734 219
1 1.40083 1.63777 666-754
1 1.46195 1.63791 740-808
1 1.44893 1.63887 238-735
1 1.59427 1.64729 588-866
0 0 1.65324 86
0 0 1.65515 92
1 1.41213 1.65602 689-741
0 0 1.65828 271
0 0 1.65847 890
0 0 1.66167 119
1 1.54429 1.66413 399-656
0 0 1.66765 62
1 1.67792 8.5 443-674
1 1.25026 1.68239 151-665
0 0 1.70383 164
1 1.63607 1.70781 500-745
0 0 1.70906 323
0 0 1.71041 991
0 0 1.72868 184
0 0 1.72943 50
1 1.17683 1.73143 827-828
1 1.65725 1.73901 502-709
1 1.16911 1.74161 49-355
0 0 1.75212 546
0 0 1.75352 12
0 0 1.76192 159
0 0 1.76477 236
0 0 1.76711 214
0 0 1.77926 167
1 1.71588 1.77982 268-396
1 1.63773 1.78268 365-855
0 0 1.78929 404
0 0 1.79014 168
0 0 1.79458 862
1 1.57051 1.80368 332-917
0 0 1.80405 163
1 1.34822 1.80529 54-887
1 1.43064 1.80643 276-959
0 0 1.80749 157
1 1.60535 1.81211 332-428
0 0 1.82308 29
0 0 1.82348 26
1 1.50153 1.82652 355-959
1 1.76354 1.83653 185-340
0 0 1.84335 218
1 1.52292 1.84409 150-604
1 1.65937 1.85448 127-391
1 1.78726 1.85789 626-967
0 0 1.86079 593
1 1.70974 1.87535 517-975
0 0 1.87664 34
1 1.46011 1.88385 210-333
0 0 1.89006 256
0 0 1.89313 3
1 1.23327 1.89347 536-925
1 1.30852 1.89903 420-731
1 1.70209 1.89905 187-401
1 1.57112 1.8991 428-614
0 0 1.90335 58
1 1.85398 1.90601 521-605
1 1.85397 1.91491 358-420
0 0 1.91861 296
0 0 1.93003 529
1 1.46154 1.93852 116-577
1 1.37572 1.93912 294-638
0 0 1.94568 303
0 0 1.94903 107
1 1.82141 1.95085 165-953
0 0 1.95538 186
0 0 1.96014 229
1 1.24717 1.97341 20-687
0 0 1.98646 144
1 1.59993 1.99029 442-653
1 1.70429 2.00492 149-925
1 1.34306 2.012 567-873
1 1.7457 2.02635 199-249
1 1.72987 2.02781 94-440
1 1.27629 2.0312 126-607
1 1.81708 2.04496 283-644
1 1.18713 2.04679 412-686
1 1.72779 2.04924 603-817
1 1.57588 2.06938 621-773
0 0 2.07813 840
1 1.98603 2.09758 246-626
1 1.51909 2.11392 599-777
1 1.77594 2.11996 431-936
1 2.05599 2.12039 669-887
1 2.0688 2.13219 4-214
1 1.81536 2.14016 28-98
1 1.70279 2.14304 191-635
1 1.59678 2.1458 161-625
1 1.63377 2.17541 67-238
1 1.82859 2.18019 109-221
1 1.9681 2.18555 314-316
1 1.98883 2.19105 658-871
0 0 2.22088 317
1 1.71994 2.23555 346-946
1 1.51073 2.24058 473-702
0 0 2.24342 61
0 0 2.26429 845
1 2.12831 2.27026 50-184
1 1.34946 2.27164 841-936
1 1.85248 2.27507 422-892
1 1.93491 2.27531 134-812
1 2.0952 2.27697 525-736
1 1.80377 2.2787 348-611
1 1.89508 2.30433 138-322
1 1.51682 2.30937 45-877
1 2.20545 2.32542 1-432
1 1.62426 2.32985 555-794
1 2.28164 2.33587 143-789
1 1.5536 2.34478 555-720
1 1.65964 2.36312 187-244
1 2.25609 2.37802 253-405
1 1.70255 2.3836 271-695
1 2.26064 2.39873 593-809
1 1.93023 2.40022 159-722
1 2.18555 2.40608 231-682
1 2.00131 2.41726 436-663
1 1.55535 2.43416 568-600
1 2.23989 2.45603 80-664
1 2.41065 2.46757 58-350
1 1.61827 2.46976 626-953
1 2.29512 2.47143 915-922
1 1.72047 2.48123 299-491
1 1.6412 2.49599 753-822
1 1.74661 2.50504 30-960
1 2.33786 2.50719 189-969
1 1.69737 2.52095 392-671
1 1.50715 2.52561 362-934
1 2.10601 2.52675 743-778
1 1.70784 2.52684 413-860
1 2.34803 2.54192 741-970
1 1.74579 2.55557 202-310
1 2.11977 2.5584 261-482
1 2.37124 2.55884 251-557
1 1.99551 2.55892 95-753
1 1.94124 2.57626 237-743
1 2.35582 2.58838 452-831
1 2.45217 2.59604 35-245
1 2.35359 2.60533 164-524
1 2.21287 2.60621 524-805
1 1.62058 2.61219 38-352
1 2.34352 2.62143 272-759
1 1.63301 2.62609 652-850
1 1.89644 2.64006 164-864
1 1.96066 2.64358 4-843
1 1.76973 2.65032 13-923
1 2.46091 2.65805 270-950
1 1.97846 2.66285 462-585
1 2.22815 2.66725 369-601
1 2.50139 2.68885 302-779
1 2.39957 2.68891 632-921
1 1.44299 2.7017 43-91
1 1.99026 2.70603 248-385
1 2.55001 2.70604 513-957
1 2.37163 2.70835 76-229
1 1.73988 2.74863 220-775
1 2.499 2.76345 307-945
1 1.82088 2.76819 96-289
1 2.22127 2.77083 190-861
1 2.65149 2.77333 236-954
1 2.22019 2.7825 225-848
1 2.5671 2.79239 61-488
1 2.52092 2.79523 280-462
1 2.64032 2.80464 94-468
1 1.90509 2.81644 274-405
1 1.57191 2.82804 130-414
1 2.06842 2.84987 90-447
1 2.48594 2.86942 187-839
1 1.99083 2.88631 200-296
1 2.60951 2.89063 211-217
1 1.624 2.89722 359-837
1 2.22719 2.91349 115-934
1 2.46662 2.91498 290-916
1 2.40657 2.91946 87-998
1 2.74083 2.92117 352-706
1 2.0285 2.93249 313-416
1 1.93958 2.93709 58-560
1 1.96368 2.96057 7-398
1 2.92096 2.97428 290-656
1 2.87294 2.97564 323-845
1 2.20876 2.9767 290-340
1 1.87248 2.98397 397-798
1 2.36178 2.98963 145-228
1 1.74179 3.00493 6-664
1 1.69568 3.02385 234-915
1 2.23125 3.02716 214-945
1 2.0235 3.0394 646-796
1 2.68334 3.04088 298-836
1 2.65122 3.04587 191-935
1 2.76509 3.05527 101-904
1 2.5379 3.07265 451-547
1 2.89793 3.10935 935-965
1 2.86431 3.11432 218-681
1 2.72694 3.12198 285-991
1 2.04998 3.12409 611-634
1 2.51023 3.13336 217-529
1 2.70618 3.15095 313-529
1 1.62237 3.16147 288-391
1 2.45217 3.17245 159-230
1 2.52933 3.17688 434-550
1 2.94413 3.18834 601-766
1 2.40355 3.19019 156-456
1 2.16434 3.21047 472-497
1 2.48312 3.24562 337-550
1 2.85051 3.24895 317-699
1 2.22581 3.26504 129-926
1 1.42907 3.27427 441-445
1 1.69798 3.2843 671-986
1 1.91684 3.30483 466-980
1 2.38728 3.33011 301-683
1 1.7794 3.36282 203-985
1 1.8997 3.36958 287-981
1 1.59748 3.38033 170-194
1 2.14956 3.39144 161-902
1 1.80911 3.39193 292-801
1 2.67135 3.44083 862-991
1 3.35626 3.47508 382-885
1 2.23694 3.50364 357-840
1 1.85165 3.51113 701-833
1 2.5778 3.56386 387-954
1 1.74284 3.59008 92-531
1 2.07839 3.59285 206-452
1 2.29323 3.59458 504-991
1 3.04506 3.77413 125-840
1 2.21502 3.84914 12-747
1 1.77308 3.86182 133-304
1 2.08641 3.93921 265-765
1 3.45056 3.94896 10-229
1 2.63842 3.95085 781-803
1 3.18597 3.97038 256-336
1 1.80103 3.97935 798-909
1 2.19793 4.0184 243-593
2 3.99647 4.10574 162-747-865
1 2.03583 4.18425 328-684
1 2.44891 4.21669 505-944
1 3.47156 4.21785 769-845
1 2.41258 4.39187 457-699
1 3.71083 4.62301 326-984
1 1.97604 4.64125 163-706
1 1.72609 4.86797 676-981
2 5.42353 8.5 393-756-862
