0 0 8.5 0
0 0 0.0745583 627
0 0 0.0784367 994
0 0 0.0983809 417
0 0 0.0986459 535
0 0 0.0988115 560
0 0 0.104873 717
0 0 0.109118 771
0 0 0.115478 628
0 0 0.121144 827
0 0 0.137506 441
0 0 0.141845 612
0 0 0.147206 336
0 0 0.152661 177
0 0 0.153886 573
0 0 0.16095 961
0 0 0.162754 829
0 0 0.167611 940
0 0 0.167957 618
0 0 0.17093 883
0 0 0.171852 978
0 0 0.172843 693
0 0 0.173111 51
0 0 0.175127 648
0 0 0.178375 974
0 0 0.183115 906
0 0 0.185959 844
0 0 0.188426 320
0 0 0.191477 972
0 0 0.194244 669
0 0 0.194741 395
0 0 0.195503 457
0 0 0.20106 753
0 0 0.201575 816
0 0 0.202984 123
0 0 0.20352 982
0 0 0.204236 733
0 0 0.206192 565
0 0 0.211844 935
0 0 0.214095 967
0 0 0.214337 677
0 0 0.214489 655
0 0 0.21601 863
0 0 0.21697 767
0 0 0.217842 286
0 0 0.221723 769
0 0 0.222764 822
0 0 0.224435 746
0 0 0.226611 857
0 0 0.229334 482
0 0 0.231735 371
0 0 0.235865 89
0 0 0.239033 620
0 0 0.241691 267
0 0 0.243131 265
0 0 0.246297 963
0 0 0.246543 700
0 0 0.248405 226
0 0 0.249673 354
0 0 0.251959 594
0 0 0.2538 559
0 0 0.255667 645
0 0 0.258249 894
0 0 0.27165 939
0 0 0.272207 838
0 0 0.273089 564
0 0 0.273798 422
0 0 0.277416 860
0 0 0.279011 901
0 0 0.279682 732
0 0 0.287827 386
0 0 0.288943 735
0 0 0.292475 492
0 0 0.293739 834
0 0 0.29971 634
0 0 0.30074 983
0 0 0.303629 678
0 0 0.305211 531
0 0 0.305974 641
0 0 0.308106 542
0 0 0.308935 870
0 0 0.310624 855
0 0 0.312506 547
0 0 0.318364 461
0 0 0.320503 385
0 0 0.320537 260
0 0 0.326213 661
0 0 0.326231 938
0 0 0.333198 785
0 0 0.334242 519
0 0 0.334348 342
0 0 0.336672 990
0 0 0.338171 973
0 0 0.33836 989
0 0 0.338383 668
0 0 0.33928 204
0 0 0.344288 376
0 0 0.349565 175
0 0 0.351727 930
0 0 0.352161 644
0 0 0.352194 724
0 0 0.354382 278
0 0 0.354888 375
0 0 0.355066 495
0 0 0.356153 826
0 0 0.362016 768
0 0 0.366972 947
0 0 0.36706 879
0 0 0.367937 335
0 0 0.371409 562
0 0 0.373543 566
0 0 0.375382 872
0 0 0.377732 997
0 0 0.378567 334
0 0 0.380169 521
0 0 0.380298 365
0 0 0.381465 473
0 0 0.382158 617
0 0 0.382856 703
0 0 0.386648 469
0 0 0.391891 696
0 0 0.395668 232
0 0 0.39615 530
0 0 0.401016 956
0 0 0.402181 839
0 0 0.402442 649
0 0 0.402606 613
0 0 0.405137 596
0 0 0.407196 158
0 0 0.407911 861
0 0 0.408335 927
0 0 0.409017 730
0 0 0.409332 987
0 0 0.410035 399
0 0 0.410903 943
0 0 0.411219 603
0 0 0.411283 459
0 0 0.415077 808
0 0 0.415641 624
0 0 0.418809 418
0 0 0.423612 454
0 0 0.425713 307
0 0 0.426084 563
0 0 0.427196 588
0 0 0.427492 902
0 0 0.429863 585
0 0 0.429917 803
0 0 0.432649 650
0 0 0.435957 899
0 0 0.440255 633
0 0 0.444638 774
0 0 0.445181 708
0 0 0.446444 763
0 0 0.446943 646
0 0 0.448103 847
0 0 0.448842 664
0 0 0.449942 727
0 0 0.450927 782
0 0 0.451572 347
0 0 0.451692 950
0 0 0.452554 739
0 0 0.452708 630
0 0 0.453661 819
0 0 0.453778 306
0 0 0.453936 988
0 0 0.455941 802
0 0 0.4612 153
0 0 0.46215 788
0 0 0.462754 496
0 0 0.46276 780
0 0 0.463696 70
0 0 0.465099 882
0 0 0.469008 414
0 0 0.469763 836
0 0 0.471187 33
0 0 0.472397 349
0 0 0.472893 723
0 0 0.473152 361
0 0 0.473288 886
0 0 0.473984 824
0 0 0.476313 754
0 0 0.477515 916
0 0 0.478927 623
0 0 0.481633 880
0 0 0.484021 408
0 0 0.487946 941
0 0 0.492336 288
0 0 0.49236 587
0 0 0.493097 653
0 0 0.495754 254
0 0 0.496449 111
0 0 0.497534 383
0 0 0.499294 797
0 0 0.500522 698
0 0 0.500654 357
0 0 0.503236 719
0 0 0.503505 713
0 0 0.504625 960
0 0 0.50575 804
0 0 0.508 931
0 0 0.511628 910
0 0 0.51225 932
0 0 0.515175 135
0 0 0.515727 615
0 0 0.521496 675
0 0 0.523335 387
0 0 0.524071 356
0 0 0.52481 854
0 0 0.52482 575
0 0 0.525779 718
0 0 0.526298 647
0 0 0.52752 470
0 0 0.528869 516
0 0 0.528886 643
0 0 0.531268 440
0 0 0.53322 907
0 0 0.533349 474
0 0 0.535083 508
0 0 0.537302 964
0 0 0.538624 358
0 0 0.538861 749
0 0 0.540482 687
0 0 0.541068 619
0 0 0.54196 465
0 0 0.543238 833
0 0 0.543246 364
0 0 0.544098 556
0 0 0.546196 272
0 0 0.546424 244
0 0 0.548919 715
0 0 0.551869 543
0 0 0.552381 694
0 0 0.552525 74
0 0 0.554771 818
0 0 0.558287 795
0 0 0.559174 370
0 0 0.559678 487
0 0 0.560278 864
0 0 0.560733 933
0 0 0.563226 590
0 0 0.563847 794
0 0 0.565054 837
0 0 0.565373 686
0 0 0.566308 692
0 0 0.568978 638
0 0 0.568996 660
0 0 0.569167 743
0 0 0.569261 806
0 0 0.569298 279
0 0 0.569778 37
0 0 0.57123 913
0 0 0.57222 569
0 0 0.572233 327
0 0 0.574026 503
0 0 0.574506 750
0 0 0.57542 309
0 0 0.576498 949
0 0 0.578253 766
0 0 0.580391 962
0 0 0.580806 439
0 0 0.581534 297
0 0 0.582535 348
0 0 0.583051 577
0 0 0.583334 583
0 0 0.58372 936
0 0 0.583933 239
0 0 0.584686 748
0 0 0.586256 608
0 0 0.587062 245
0 0 0.589719 918
0 0 0.590088 877
0 0 0.590311 524
0 0 0.591279 103
0 0 0.591423 581
0 0 0.592594 741
0 0 0.592777 781
0 0 0.593115 147
0 0 0.594437 477
0 0 0.595897 744
0 0 0.596694 711
0 0 0.59742 451
0 0 0.597645 269
0 0 0.597902 500
0 0 0.598195 752
0 0 0.60002 790
0 0 0.602794 584
0 0 0.60345 657
0 0 0.603566 526
0 0 0.604939 695
0 0 0.605358 759
0 0 0.60538 674
0 0 0.60754 659
0 0 0.607934 450
0 0 0.608429 555
0 0 0.610619 865
0 0 0.610799 549
0 0 0.61186 497
0 0 0.612869 786
0 0 0.61526 764
0 0 0.616233 731
0 0 0.616433 179
0 0 0.61685 40
0 0 0.616871 96
0 0 0.617152 881
0 0 0.617402 415
0 0 0.619433 762
0 0 0.619994 998
0 0 0.622462 425
0 0 0.624007 807
0 0 0.625677 183
0 0 0.62749 275
0 0 0.628994 580
0 0 0.630163 80
0 0 0.630732 312
0 0 0.63174 888
0 0 0.632765 435
0 0 0.633419 207
0 0 0.634048 554
0 0 0.634702 622
0 0 0.636517 821
0 0 0.63756 929
0 0 0.638394 213
0 0 0.638558 295
0 0 0.639214 238
0 0 0.63943 893
0 0 0.641281 475
0 0 0.641685 710
0 0 0.642649 501
0 0 0.64487 381
0 0 0.646612 789
0 0 0.646646 360
0 0 0.648113 394
0 0 0.649518 511
0 0 0.649621 685
0 0 0.650871 293
0 0 0.650887 131
0 0 0.653498 740
0 0 0.653906 316
0 0 0.654624 914
0 0 0.655266 820
0 0 0.656143 842
0 0 0.657096 812
0 0 0.659357 636
0 0 0.659444 258
0 0 0.660655 504
0 0 0.661984 799
0 0 0.662127 363
0 0 0.662261 721
0 0 0.663806 784
0 0 0.664564 579
0 0 0.665092 393
0 0 0.667358 242
0 0 0.669063 101
0 0 0.673162 884
0 0 0.674021 410
0 0 0.674395 610
0 0 0.674617 169
0 0 0.675698 170
0 0 0.675757 975
0 0 0.676274 635
0 0 0.676941 165
0 0 0.677082 712
0 0 0.678127 192
0 0 0.678242 578
0 0 0.678651 595
0 0 0.679267 878
0 0 0.679573 558
0 0 0.68117 958
0 0 0.682589 800
0 0 0.683505 373
0 0 0.685769 235
0 0 0.686052 683
0 0 0.688348 598
0 0 0.692374 770
0 0 0.693385 128
0 0 0.693659 900
0 0 0.693848 756
0 0 0.695011 955
0 0 0.695514 765
0 0 0.699154 791
0 0 0.699766 351
0 0 0.699841 483
0 0 0.700646 830
0 0 0.702627 843
0 0 0.70289 390
0 0 0.703955 466
0 0 0.706737 512
0 0 0.707154 374
0 0 0.709196 572
0 0 0.709461 640
0 0 0.711838 609
0 0 0.712399 321
0 0 0.715252 895
0 0 0.718479 389
0 0 0.722208 276
0 0 0.723032 284
0 0 0.723481 707
0 0 0.725988 433
0 0 0.727324 485
0 0 0.727429 494
0 0 0.729833 919
0 0 0.730471 607
0 0 0.730743 923
0 0 0.731014 850
0 0 0.731272 444
0 0 0.734406 737
0 0 0.735471 915
0 0 0.735644 233
0 0 0.736778 639
0 0 0.737391 273
0 0 0.739718 716
0 0 0.741097 992
0 0 0.74176 642
0 0 0.742398 676
0 0 0.744312 851
0 0 0.74448 616
0 0 0.745597 571
0 0 0.745773 875
0 0 0.745962 83
0 0 0.748831 201
0 0 0.749044 533
0 0 0.74953 463
0 0 0.749541 726
0 0 0.75013 682
0 0 0.75029 681
0 0 0.751922 486
0 0 0.753064 904
0 0 0.753726 437
0 0 0.754317 311
0 0 0.754737 793
0 0 0.755032 747
0 0 0.756463 672
0 0 0.756542 903
0 0 0.75792 458
0 0 0.758571 71
0 0 0.76132 84
0 0 0.762847 705
0 0 0.763105 287
0 0 0.764183 255
0 0 0.764481 605
0 0 0.764486 779
0 0 0.765517 369
0 0 0.766446 937
0 0 0.766464 24
0 0 0.766801 424
0 0 0.767175 534
0 0 0.768609 310
0 0 0.768682 402
0 0 0.769557 734
0 0 0.772353 702
0 0 0.774664 502
0 0 0.774915 548
0 0 0.775341 552
0 0 0.778179 553
0 0 0.781964 527
0 0 0.782296 407
0 0 0.783152 324
0 0 0.788999 891
0 0 0.791026 197
0 0 0.7914 27
0 0 0.795051 920
0 0 0.79657 380
0 0 0.797638 986
0 0 0.79827 436
0 0 0.799633 813
0 0 0.803032 867
0 0 0.803424 751
0 0 0.804592 155
0 0 0.805404 745
0 0 0.805419 129
0 0 0.805669 122
0 0 0.805856 246
0 0 0.806387 898
0 0 0.806439 125
0 0 0.807425 319
0 0 0.809285 651
0 0 0.810005 859
0 0 0.813843 430
0 0 0.813928 828
0 0 0.816184 689
0 0 0.816258 308
0 0 0.81652 969
0 0 0.823643 977
0 0 0.827788 869
0 0 0.829849 993
0 0 0.831451 679
0 0 0.831475 632
0 0 0.831737 536
0 0 0.835662 656
0 0 0.836708 574
0 0 0.838737 725
0 0 0.839195 874
0 0 0.839595 787
0 0 0.846701 484
0 0 0.847027 944
0 0 0.850137 853
0 0 0.852538 423
0 0 0.854755 127
0 0 0.855949 339
0 0 0.859062 701
0 0 0.860257 965
0 0 0.860455 728
0 0 0.863256 866
0 0 0.863476 429
0 0 0.865499 193
0 0 0.866411 126
0 0 0.866461 426
0 0 0.868166 996
0 0 0.868174 709
0 0 0.86869 266
0 0 0.868713 280
0 0 0.869205 809
0 0 0.869224 688
0 0 0.869776 772
0 0 0.873651 305
0 0 0.874705 117
0 0 0.875106 506
0 0 0.876068 856
0 0 0.876293 259
0 0 0.877619 738
0 0 0.878077 240
0 0 0.881264 846
0 0 0.882571 970
0 0 0.884013 897
1 0.831749 0.884021 131-713
0 0 0.886578 343
0 0 0.887108 966
0 0 0.888065 105
0 0 0.890419 540
0 0 0.89048 614
0 0 0.891255 328
0 0 0.891647 212
0 0 0.893624 514
0 0 0.894293 892
0 0 0.894341 21
0 0 0.894342 403
0 0 0.897646 597
1 0.837174 0.89894 312-461
0 0 0.89905 926
0 0 0.900276 396
0 0 0.900995 911
0 0 0.901922 568
0 0 0.902914 815
0 0 0.9039 631
0 0 0.905771 499
0 0 0.906503 132
0 0 0.908666 340
0 0 0.913621 942
0 0 0.913874 388
0 0 0.914408 777
0 0 0.916614 283
0 0 0.917768 190
0 0 0.918947 291
0 0 0.919307 849
0 0 0.919443 835
0 0 0.920834 841
0 0 0.921806 876
0 0 0.922459 467
0 0 0.922957 124
0 0 0.924808 405
0 0 0.92764 761
0 0 0.928 592
0 0 0.92807 582
0 0 0.929077 406
0 0 0.930226 814
0 0 0.931588 948
0 0 0.934178 742
0 0 0.934924 366
0 0 0.935327 313
0 0 0.935812 455
0 0 0.93882 384
0 0 0.944484 976
0 0 0.946425 561
0 0 0.946518 290
0 0 0.946972 952
0 0 0.949063 758
0 0 0.949917 460
0 0 0.951669 589
0 0 0.952575 195
0 0 0.952843 995
0 0 0.953648 252
0 0 0.954541 330
0 0 0.955254 928
0 0 0.956287 353
0 0 0.957006 665
0 0 0.957741 391
0 0 0.964192 362
0 0 0.965167 570
0 0 0.965553 326
0 0 0.965976 729
0 0 0.966326 428
0 0 0.966694 171
0 0 0.969476 300
0 0 0.969957 528
0 0 0.970128 372
0 0 0.971477 917
0 0 0.9742 858
0 0 0.976014 871
0 0 0.977972 896
0 0 0.978034 868
0 0 0.978143 152
0 0 0.978273 606
0 0 0.979155 690
0 0 0.980594 654
0 0 0.981858 191
0 0 0.983312 541
0 0 0.984324 45
0 0 0.985975 697
0 0 0.986139 377
0 0 0.987078 825
0 0 0.98899 464
0 0 0.990098 270
0 0 0.99075 538
0 0 0.990824 151
0 0 0.991989 268
0 0 0.99209 924
0 0 0.992789 912
0 0 0.993214 453
0 0 0.993319 198
0 0 0.99371 979
0 0 0.994109 400
0 0 0.99564 221
0 0 0.99645 113
0 0 0.996454 294
0 0 1.00076 180
0 0 1.00099 490
0 0 1.00301 720
0 0 1.00341 413
0 0 1.00451 368
0 0 1.00455 222
0 0 1.00605 181
0 0 1.00698 282
0 0 1.0116 90
0 0 1.01223 680
0 0 1.01242 908
0 0 1.01362 999
0 0 1.01448 154
0 0 1.0162 760
0 0 1.01681 796
0 0 1.01701 629
0 0 1.02086 667
0 0 1.02344 663
0 0 1.02362 188
0 0 1.02509 298
0 0 1.02593 379
0 0 1.02677 412
0 0 1.02792 99
0 0 1.02848 831
0 0 1.02856 118
0 0 1.0307 517
0 0 1.03383 77
0 0 1.0344 94
0 0 1.03512 576
0 0 1.03552 337
0 0 1.03589 116
0 0 1.0374 757
0 0 1.03933 11
0 0 1.03969 378
0 0 1.04237 921
0 0 1.04629 67
0 0 1.04663 523
0 0 1.04877 442
0 0 1.04927 401
0 0 1.05045 196
0 0 1.05271 600
0 0 1.05303 338
0 0 1.0533 318
0 0 1.05468 755
0 0 1.05487 925
1 0.99661 1.05646 193-842
0 0 1.05707 586
0 0 1.05784 202
0 0 1.05799 421
0 0 1.05883 817
0 0 1.05922 88
0 0 1.05959 539
0 0 1.06019 160
0 0 1.06107 658
0 0 1.06247 223
0 0 1.06462 55
0 0 1.06482 75
0 0 1.06583 968
0 0 1.06681 253
0 0 1.06772 493
0 0 1.06816 344
0 0 1.06844 176
0 0 1.069 691
0 0 1.07222 138
0 0 1.07227 355
0 0 1.07266 599
0 0 1.07296 666
1 1.01621 1.07342 396-564
0 0 1.07371 985
0 0 1.07688 367
0 0 1.07719 20
0 0 1.07879 954
0 0 1.07899 114
0 0 1.08193 805
0 0 1.08327 602
0 0 1.08461 792
0 0 1.08471 48
0 0 1.08625 216
0 0 1.08655 299
0 0 1.08719 345
0 0 1.08954 518
0 0 1.08993 210
0 0 1.09169 199
0 0 1.09194 281
0 0 1.09252 449
0 0 1.09328 971
0 0 1.09386 162
0 0 1.09412 468
0 0 1.0945 72
0 0 1.09646 670
0 0 1.09985 478
0 0 1.10258 241
0 0 1.104 984
0 0 1.10445 520
0 0 1.10512 31
0 0 1.10532 522
0 0 1.10663 392
0 0 1.10833 652
0 0 1.11007 714
0 0 1.11148 73
0 0 1.1118 889
0 0 1.11192 247
0 0 1.11194 143
0 0 1.1159 47
0 0 1.11647 448
0 0 1.11735 946
0 0 1.11743 432
0 0 1.11864 142
0 0 1.11877 8
0 0 1.12002 140
0 0 1.12485 106
0 0 1.12692 736
0 0 1.12995 205
0 0 1.13001 481
0 0 1.13135 420
0 0 1.13236 18
0 0 1.13655 776
0 0 1.14163 78
0 0 1.14599 85
0 0 1.14851 673
0 0 1.14883 261
0 0 1.14999 438
0 0 1.15088 102
0 0 1.15694 185
0 0 1.15718 16
0 0 1.15931 488
0 0 1.15962 49
0 0 1.16012 1
0 0 1.16253 136
0 0 1.16357 419
0 0 1.16403 981
0 0 1.16431 79
0 0 1.16789 243
0 0 1.16821 810
0 0 1.17258 332
0 0 1.17434 333
0 0 1.17603 823
0 0 1.17827 507
0 0 1.17913 100
0 0 1.18202 591
0 0 1.1821 206
0 0 1.18247 59
0 0 1.18385 341
0 0 1.18481 76
1 0.879804 1.18817 751-879
0 0 1.18948 6
0 0 1.19144 63
0 0 1.1915 161
0 0 1.19258 722
0 0 1.19399 5
0 0 1.19526 480
0 0 1.19627 304
0 0 1.20004 359
0 0 1.20054 54
0 0 1.20133 32
0 0 1.20313 567
0 0 1.20343 248
0 0 1.20595 224
0 0 1.2064 350
0 0 1.20759 498
0 0 1.20835 509
0 0 1.2103 783
0 0 1.21224 28
0 0 1.21271 81
1 1.07601 1.21293 689-884
0 0 1.21345 832
0 0 1.21808 97
0 0 1.22117 446
1 1.07624 1.22176 154-353
0 0 1.22442 60
0 0 1.23285 251
0 0 1.23304 39
0 0 1.23312 873
0 0 1.23434 257
0 0 1.23555 885
0 0 1.2408 510
0 0 1.24137 662
0 0 1.24468 951
0 0 1.2453 57
0 0 1.24784 489
0 0 1.24835 447
0 0 1.2485 15
0 0 1.24863 174
0 0 1.25142 621
0 0 1.25242 491
0 0 1.25389 285
0 0 1.25458 801
0 0 1.25548 887
0 0 1.2563 98
0 0 1.25714 289
0 0 1.2574 922
0 0 1.2577 139
0 0 1.2578 301
0 0 1.25976 109
0 0 1.26413 778
0 0 1.2648 671
0 0 1.26697 811
0 0 1.26881 41
0 0 1.27119 905
0 0 1.27134 130
0 0 1.2718 699
0 0 1.27358 178
0 0 1.27635 56
0 0 1.27771 53
0 0 1.28236 215
0 0 1.29186 46
0 0 1.29522 551
0 0 1.29569 137
0 0 1.29615 909
0 0 1.29677 471
0 0 1.2993 431
0 0 1.3009 959
0 0 1.308 208
1 1.23618 1.30848 136-463
0 0 1.31154 545
0 0 1.31239 149
1 1.10182 1.31384 814-917
0 0 1.31439 625
0 0 1.31495 505
0 0 1.32267 315
0 0 1.32384 382
0 0 1.32413 416
0 0 1.32425 398
0 0 1.3246 68
0 0 1.32804 848
0 0 1.32836 513
0 0 1.32923 684
0 0 1.3299 234
0 0 1.33156 44
0 0 1.33244 773
0 0 1.3336 325
0 0 1.33466 211
0 0 1.33566 227
0 0 1.33585 104
0 0 1.33693 150
0 0 1.33909 209
0 0 1.34039 7
1 1.17628 1.34125 682-919
0 0 1.34686 331
0 0 1.34714 43
0 0 1.34896 637
0 0 1.34924 704
0 0 1.34933 110
0 0 1.35253 112
0 0 1.35606 14
0 0 1.35785 544
0 0 1.3607 22
0 0 1.36178 2
0 0 1.36401 852
1 1.10439 1.36548 368-477
0 0 1.36623 445
0 0 1.36811 237
0 0 1.37 557
0 0 1.37134 411
0 0 1.37409 537
0 0 1.37459 91
0 0 1.37511 148
0 0 1.37577 476
0 0 1.37597 352
0 0 1.37601 69
0 0 1.37767 550
0 0 1.38201 82
0 0 1.38403 220
0 0 1.38453 462
1 1.38665 8.5 223-455
0 0 1.38913 203
0 0 1.38947 626
0 0 1.39448 314
0 0 1.39516 52
1 1.32259 1.39832 511-680
0 0 1.39845 156
0 0 1.39907 274
0 0 1.40016 980
0 0 1.40449 611
0 0 1.4045 121
1 1.31504 1.4092 831-952
0 0 1.41059 200
1 1.11799 1.41096 366-919
0 0 1.41517 115
0 0 1.41547 706
0 0 1.41609 249
0 0 1.41704 25
0 0 1.41925 452
0 0 1.41986 36
0 0 1.42003 217
0 0 1.42026 346
0 0 1.42236 108
0 0 1.44375 42
0 0 1.44515 230
0 0 1.44905 225
1 1.26461 1.45106 78-83
0 0 1.45821 525
0 0 1.45939 292
0 0 1.46203 532
0 0 1.46477 798
1 1.2807 1.4677 655-739
0 0 1.47218 397
0 0 1.47337 231
0 0 1.47431 146
0 0 1.47641 604
0 0 1.47768 277
0 0 1.47794 120
0 0 1.48295 93
0 0 1.48618 601
0 0 1.48823 4
0 0 1.48854 427
0 0 1.48894 194
0 0 1.49186 23
1 1.18423 1.49804 574-630
0 0 1.49817 322
0 0 1.5017 302
0 0 1.50299 87
0 0 1.50325 173
0 0 1.50954 443
0 0 1.50969 409
0 0 1.51604 145
0 0 1.52035 64
0 0 1.52123 172
0 0 1.52226 133
0 0 1.52409 38
0 0 1.53431 945
0 0 1.53685 775
0 0 1.53875 934
0 0 1.54533 10
0 0 1.55095 329
1 1.40733 1.55299 83-624
0 0 1.55385 264
0 0 1.55608 479
0 0 1.55875 953
1 1.36763 1.5602 740-808
0 0 1.56133 30
0 0 1.56679 182
0 0 1.5743 166
0 0 1.57685 95
0 0 1.57883 957
1 1.38408 1.57988 273-714
0 0 1.58048 187
0 0 1.58182 456
0 0 1.58871 13
1 1.28194 1.58971 319-838
0 0 1.59197 17
0 0 1.59299 250
1 1.36396 1.59524 666-754
1 1.37616 1.59845 57-584
0 0 1.59858 141
0 0 1.60673 263
1 1.39849 1.60701 327-728
0 0 1.60956 472
1 1.37304 1.61279 88-865
0 0 1.62184 86
1 1.55299 1.62197 124-243
0 0 1.62389 35
1 1.38812 1.6244 238-735
0 0 1.62449 219
0 0 1.62817 92
0 0 1.63022 9
0 0 1.63168 66
0 0 1.6329 262
1 1.36219 1.63359 86-480
0 0 1.63374 19
0 0 1.63516 189
1 1.44909 1.63888 475-631
0 0 1.63943 228
0 0 1.64269 434
0 0 1.65339 65
1 1.54354 1.65393 588-866
0 0 1.66331 134
1 1.20247 1.66528 151-665
1 1.57657 1.66781 399-656
1 1.40331 1.66922 689-741
0 0 1.67056 62
0 0 1.67404 323
0 0 1.67776 271
0 0 1.68052 515
0 0 1.68336 119
0 0 1.68613 991
0 0 1.68616 890
1 1.68702 8.5 443-674
1 1.16877 1.69376 827-828
0 0 1.71201 157
0 0 1.71841 164
1 1.54439 1.72479 332-917
0 0 1.72545 159
1 1.53106 1.73018 500-745
0 0 1.74128 168
1 1.32754 1.74368 54-887
1 1.22619 1.74527 355-912
1 1.61103 1.75046 365-855
1 1.5295 1.75168 150-604
0 0 1.75195 184
0 0 1.75604 862
1 1.35924 1.76361 126-740
0 0 1.77164 167
0 0 1.77588 50
0 0 1.77953 236
0 0 1.7803 404
0 0 1.7811 214
0 0 1.79416 546
0 0 1.79882 163
1 1.65832 1.80267 332-428
1 1.71843 1.80585 271-695
1 1.37992 1.8067 276-959
1 1.75049 1.81069 640-778
1 1.74011 1.81558 517-975
0 0 1.82023 218
0 0 1.82549 26
0 0 1.82928 29
1 1.77381 1.8526 626-967
1 1.52146 1.85716 355-959
0 0 1.86204 12
1 1.73368 1.86524 185-340
0 0 1.86524 593
0 0 1.87885 3
0 0 1.89221 186
1 1.58777 1.89453 428-614
1 1.17919 1.89529 294-428
0 0 1.8992 34
0 0 1.9031 296
1 1.8022 1.90638 358-420
1 1.39915 1.90789 294-638
0 0 1.92413 529
1 1.38649 1.92644 116-577
1 1.70204 1.92661 187-401
0 0 1.92663 303
0 0 1.93074 256
1 1.37303 1.93172 420-731
1 1.54365 1.9357 210-333
0 0 1.93676 107
1 1.8238 1.94245 165-953
1 1.70289 1.94513 127-391
1 1.22171 1.94857 412-686
1 1.70521 1.95246 149-925
1 1.58203 1.96495 442-653
0 0 1.97702 229
1 1.19691 1.98953 136-784
0 0 1.99507 144
1 1.7939 2.01544 199-249
0 0 2.01992 58
1 1.75213 2.02055 283-644
1 1.73499 2.02377 603-817
1 1.70257 2.02797 94-440
1 1.58575 2.04135 621-773
1 1.3823 2.05659 567-873
0 0 2.06332 840
1 1.95642 2.09502 246-626
1 1.47441 2.10124 599-777
1 1.98032 2.10492 669-887
1 1.64352 2.11014 67-238
1 1.35257 2.11817 126-607
1 1.77488 2.15102 109-221
1 1.8076 2.15343 431-936
1 2.10241 2.15859 4-214
1 1.58863 2.17901 161-625
0 0 2.19233 317
0 0 2.20407 61
1 1.70409 2.21614 191-635
1 2.12694 2.22557 87-104
1 2.0103 2.23846 314-316
1 1.55916 2.2426 473-702
1 1.60531 2.24928 555-794
1 1.96815 2.26229 134-812
1 1.90577 2.26668 28-98
1 1.93661 2.26759 658-871
1 1.42804 2.26767 45-877
1 1.76842 2.26857 346-946
1 1.89889 2.26998 52-93
1 2.10313 2.27049 50-184
1 2.06276 2.28151 525-736
1 1.29263 2.28633 841-936
0 0 2.30141 845
1 1.67982 2.31214 187-244
1 1.9681 2.31439 138-322
1 2.20763 2.3203 593-809
1 2.20138 2.33258 253-405
1 2.20478 2.33578 143-789
1 1.83142 2.33748 348-611
1 1.71986 2.34369 211-943
1 1.96349 2.3786 436-663
1 1.5218 2.38786 568-600
1 1.58636 2.39257 555-720
1 2.25208 2.41123 80-664
1 2.1598 2.42097 231-682
1 2.32474 2.42213 206-736
1 1.66563 2.42965 753-822
1 1.90582 2.44853 159-722
1 1.61811 2.45825 626-953
1 2.30487 2.46233 189-969
1 2.34109 2.46718 741-970
1 2.42853 2.49478 58-350
1 1.75599 2.51648 30-960
1 2.34599 2.51918 915-922
1 2.47056 2.5238 39-831
1 1.75401 2.53977 299-491
1 1.55918 2.54189 934-978
1 2.04317 2.54438 95-753
1 2.3522 2.54608 251-557
1 2.16274 2.54622 261-482
1 1.76544 2.54687 202-310
1 2.27989 2.55343 452-831
1 2.03629 2.55376 743-778
1 1.93583 2.55578 237-743
1 1.5665 2.56958 38-352
1 2.45473 2.57021 35-245
1 2.33364 2.5732 272-759
1 1.6897 2.57541 392-671
1 2.16591 2.57711 524-805
1 1.71629 2.58098 413-860
1 2.41018 2.6185 164-524
1 1.63432 2.62869 652-850
1 2.48081 2.63819 270-950
1 2.21675 2.66016 369-601
1 1.94398 2.66149 4-843
1 2.56753 2.67484 434-552
1 2.03759 2.6816 462-585
1 1.70855 2.68732 13-923
1 1.4256 2.69321 43-91
1 2.51856 2.70054 302-779
1 2.39793 2.70665 632-921
1 1.86878 2.7102 164-864
1 2.39814 2.71414 76-229
1 2.03423 2.71517 248-385
1 1.69445 2.73198 220-775
1 2.57247 2.7519 513-957
1 2.44471 2.77883 307-945
1 1.89176 2.79378 274-405
1 2.62161 2.79526 236-954
1 2.21772 2.80203 190-861
1 2.48427 2.8125 280-462
1 2.61622 2.81272 211-217
1 2.25931 2.81622 225-848
1 1.81642 2.82561 96-289
1 2.66451 2.84026 468-629
1 2.45355 2.84631 87-998
1 2.46076 2.8544 187-839
1 1.5922 2.86322 130-414
1 2.61045 2.86674 61-488
1 2.0396 2.86804 90-447
1 1.94078 2.89046 7-398
1 1.91168 2.8959 397-798
1 2.84559 2.90346 352-706
1 1.63963 2.91435 359-837
1 2.31706 2.92501 145-228
1 2.26139 2.93638 290-340
1 2.20611 2.93726 115-934
1 2.40592 2.94964 290-916
1 2.01845 2.96374 313-416
1 1.90526 2.96959 200-296
1 2.43141 2.99528 451-547
1 1.75391 3.00375 184-980
1 2.18751 3.0146 214-945
1 2.65082 3.01941 191-935
1 2.88693 3.02499 317-699
1 2.0289 3.02898 58-560
1 2.01744 3.05775 646-796
1 2.6674 3.0579 298-836
1 1.66786 3.07948 282-933
1 2.7923 3.08606 101-904
1 1.99538 3.08918 611-634
1 2.53449 3.0895 217-529
1 2.90308 3.10738 935-965
1 2.69242 3.13207 313-529
1 3.07012 3.13308 247-532
1 2.84385 3.13429 218-681
1 1.60604 3.1804 314-908
1 2.41037 3.19068 337-550
1 2.78609 3.19088 285-991
1 2.45105 3.19575 159-320
1 2.94267 3.19588 601-766
1 2.82832 3.19847 323-845
1 2.17346 3.21847 472-497
1 2.45948 3.21971 325-456
1 1.71367 3.23678 671-986
1 2.61692 3.25436 434-550
1 2.12572 3.25619 129-926
1 1.95262 3.28026 466-980
1 1.4308 3.2888 69-523
1 1.93636 3.36951 287-981
1 1.8013 3.38769 798-909
1 2.0738 3.40139 161-902
1 1.74124 3.4083 133-304
1 2.39069 3.46095 301-683
1 1.87457 3.46328 701-833
1 1.6254 3.49028 170-194
1 3.39179 3.51342 382-885
1 2.29423 3.52928 357-840
1 2.80806 3.54995 862-991
1 2.57496 3.55068 387-954
1 1.74799 3.58597 92-450
1 2.29109 3.60722 504-991
1 2.12177 3.6382 206-452
1 3.01376 3.83134 125-840
1 1.71174 3.8423 203-985
1 2.1935 3.85538 12-132
1 3.4418 3.92509 10-229
1 2.12387 3.95308 265-765
1 3.18343 3.95474 256-336
1 2.61683 3.95485 233-781
1 2.12575 4.0402 243-593
1 1.78793 4.05769 292-801
2 3.97066 4.11364 162-747-865
1 2.06512 4.14875 394-716
1 2.41511 4.1518 505-944
1 3.49278 4.30236 769-845
1 2.34665 4.39325 457-699
1 3.67538 4.62507 326-984
1 1.97871 4.63626 163-706
1 1.69588 4.89218 676-981
2 5.26972 8.5 393-756-862
