0 0 8.5 0
0 0 0.0584203 974
0 0 0.0742604 994
0 0 0.0781666 627
0 0 0.0784667 827
0 0 0.107226 771
0 0 0.107975 417
0 0 0.110126 441
0 0 0.110354 560
0 0 0.114268 177
0 0 0.114837 612
0 0 0.116819 972
0 0 0.118258 677
0 0 0.11986 535
0 0 0.1224 717
0 0 0.127644 961
0 0 0.127714 753
0 0 0.138224 320
0 0 0.147247 457
0 0 0.148428 883
0 0 0.15618 648
0 0 0.161532 963
0 0 0.163522 906
0 0 0.168437 573
0 0 0.169665 857
0 0 0.173354 395
0 0 0.177294 336
0 0 0.183303 565
0 0 0.18367 844
0 0 0.187523 655
0 0 0.187535 693
0 0 0.188386 978
0 0 0.189545 829
0 0 0.197615 769
0 0 0.198009 286
0 0 0.200407 935
0 0 0.200755 863
0 0 0.203926 982
0 0 0.208412 822
0 0 0.21122 940
0 0 0.220835 678
0 0 0.223348 123
0 0 0.224354 834
0 0 0.226205 422
0 0 0.229422 732
0 0 0.229514 767
0 0 0.231469 733
0 0 0.233312 559
0 0 0.236805 816
0 0 0.241179 89
0 0 0.242029 855
0 0 0.245983 870
0 0 0.246024 51
0 0 0.249035 628
0 0 0.253795 618
0 0 0.254659 894
0 0 0.255814 594
0 0 0.256141 371
0 0 0.257733 746
0 0 0.257885 860
0 0 0.259655 838
0 0 0.261195 385
0 0 0.262924 668
0 0 0.263124 669
0 0 0.263304 983
0 0 0.266442 930
0 0 0.267799 265
0 0 0.268768 267
0 0 0.269051 375
0 0 0.270152 354
0 0 0.270189 226
0 0 0.274083 566
0 0 0.275896 826
0 0 0.276961 492
0 0 0.277478 700
0 0 0.281492 620
0 0 0.287844 386
0 0 0.288337 260
0 0 0.28907 365
0 0 0.294167 661
0 0 0.296116 967
0 0 0.303543 989
0 0 0.306735 634
0 0 0.3069 939
0 0 0.308167 879
0 0 0.309059 819
0 0 0.30938 785
0 0 0.312037 531
0 0 0.320301 495
0 0 0.321392 542
0 0 0.324954 938
0 0 0.327345 990
0 0 0.332518 596
0 0 0.340426 724
0 0 0.34132 473
0 0 0.346335 482
0 0 0.347603 645
0 0 0.34983 997
0 0 0.350869 735
0 0 0.351179 461
0 0 0.351479 901
0 0 0.352802 547
0 0 0.35395 376
0 0 0.354254 175
0 0 0.359274 278
0 0 0.36284 768
0 0 0.364562 519
0 0 0.367109 335
0 0 0.369704 469
0 0 0.370029 973
0 0 0.37055 839
0 0 0.37068 947
0 0 0.372327 232
0 0 0.373123 564
0 0 0.373681 872
0 0 0.378173 927
0 0 0.381077 644
0 0 0.381109 664
0 0 0.381274 763
0 0 0.383954 530
0 0 0.385495 342
0 0 0.386807 696
0 0 0.392817 158
0 0 0.396742 623
0 0 0.39745 617
0 0 0.400059 334
0 0 0.400922 916
0 0 0.401174 562
0 0 0.402695 521
0 0 0.403593 563
0 0 0.404207 630
0 0 0.404494 987
0 0 0.407732 808
0 0 0.40814 730
0 0 0.409981 399
0 0 0.413617 943
0 0 0.414723 754
0 0 0.41759 703
0 0 0.418646 641
0 0 0.42002 727
0 0 0.420299 633
0 0 0.424167 882
0 0 0.426753 836
0 0 0.427296 496
0 0 0.428038 902
0 0 0.429293 932
0 0 0.429995 650
0 0 0.430427 646
0 0 0.431775 418
0 0 0.432979 782
0 0 0.434917 797
0 0 0.44036 588
0 0 0.444858 803
0 0 0.448154 899
0 0 0.454527 459
0 0 0.455776 204
0 0 0.462213 454
0 0 0.462953 624
0 0 0.464663 956
0 0 0.466914 708
0 0 0.467708 774
0 0 0.467874 804
0 0 0.469474 613
0 0 0.469759 307
0 0 0.469812 824
0 0 0.469863 861
0 0 0.470095 788
0 0 0.470735 358
0 0 0.473443 988
0 0 0.473896 356
0 0 0.47475 802
0 0 0.476899 603
0 0 0.476925 585
0 0 0.477402 653
0 0 0.479073 713
0 0 0.479254 347
0 0 0.479266 643
0 0 0.480653 70
0 0 0.480888 847
0 0 0.480954 886
0 0 0.482834 575
0 0 0.483584 408
0 0 0.484338 111
0 0 0.486292 931
0 0 0.48706 864
0 0 0.48845 749
0 0 0.489374 349
0 0 0.489582 619
0 0 0.490598 361
0 0 0.491038 383
0 0 0.491468 244
0 0 0.492628 508
0 0 0.493308 739
0 0 0.493989 615
0 0 0.494923 306
0 0 0.495238 719
0 0 0.495562 950
0 0 0.501055 795
0 0 0.502407 288
0 0 0.502988 387
0 0 0.503366 581
0 0 0.503757 748
0 0 0.504287 854
0 0 0.505728 414
0 0 0.50965 718
0 0 0.509794 608
0 0 0.510822 33
0 0 0.513826 470
0 0 0.514475 686
0 0 0.515479 675
0 0 0.517951 272
0 0 0.519952 465
0 0 0.521574 516
0 0 0.523676 74
0 0 0.524945 880
0 0 0.525601 715
0 0 0.526197 556
0 0 0.52687 936
0 0 0.527272 962
0 0 0.527323 723
0 0 0.527431 587
0 0 0.528507 698
0 0 0.528524 941
0 0 0.528543 451
0 0 0.529083 327
0 0 0.530144 474
0 0 0.536331 254
0 0 0.536648 741
0 0 0.537516 766
0 0 0.540666 135
0 0 0.541089 949
0 0 0.541314 818
0 0 0.542525 910
0 0 0.544048 711
0 0 0.549461 881
0 0 0.551908 878
0 0 0.552085 500
0 0 0.553312 37
0 0 0.553376 964
0 0 0.553809 638
0 0 0.557015 364
0 0 0.558137 694
0 0 0.559092 743
0 0 0.561421 764
0 0 0.563405 780
0 0 0.563623 245
0 0 0.564425 153
0 0 0.564632 279
0 0 0.564722 687
0 0 0.565095 833
0 0 0.565214 685
0 0 0.566312 660
0 0 0.56715 750
0 0 0.567599 569
0 0 0.567681 577
0 0 0.570626 147
0 0 0.571323 721
0 0 0.572538 837
0 0 0.572791 511
0 0 0.573752 806
0 0 0.574112 692
0 0 0.574363 907
0 0 0.577049 477
0 0 0.57736 526
0 0 0.57956 524
0 0 0.581007 649
0 0 0.582681 370
0 0 0.582894 549
0 0 0.582963 960
0 0 0.584631 440
0 0 0.585008 475
0 0 0.590293 583
0 0 0.590331 103
0 0 0.59063 752
0 0 0.59121 357
0 0 0.592604 933
0 0 0.593602 590
0 0 0.594133 487
0 0 0.594582 794
0 0 0.595212 884
0 0 0.595913 799
0 0 0.596177 659
0 0 0.59687 239
0 0 0.59968 955
0 0 0.600194 657
0 0 0.601118 786
0 0 0.601344 425
0 0 0.60285 192
0 0 0.604336 877
0 0 0.60497 998
0 0 0.605523 543
0 0 0.605941 744
0 0 0.605987 415
0 0 0.607987 80
0 0 0.609567 888
0 0 0.610662 40
0 0 0.610996 636
0 0 0.611047 647
0 0 0.611129 554
0 0 0.61316 439
0 0 0.61685 759
0 0 0.618477 179
0 0 0.618801 373
0 0 0.622401 789
0 0 0.622838 710
0 0 0.624629 695
0 0 0.624973 501
0 0 0.625377 929
0 0 0.628093 851
0 0 0.628399 213
0 0 0.628695 595
0 0 0.63068 790
0 0 0.630808 913
0 0 0.631063 96
0 0 0.631492 485
0 0 0.634099 781
0 0 0.634313 865
0 0 0.634432 297
0 0 0.638852 410
0 0 0.639006 584
0 0 0.639615 363
0 0 0.640357 170
0 0 0.640941 348
0 0 0.642076 183
0 0 0.642129 756
0 0 0.644814 238
0 0 0.645152 622
0 0 0.64519 580
0 0 0.645713 450
0 0 0.645739 842
0 0 0.647125 309
0 0 0.647863 674
0 0 0.648529 893
0 0 0.652669 360
0 0 0.653302 381
0 0 0.653988 558
0 0 0.654278 731
0 0 0.655431 770
0 0 0.657413 321
0 0 0.658619 503
0 0 0.65904 131
0 0 0.661141 975
0 0 0.662023 295
0 0 0.662659 578
0 0 0.664816 843
0 0 0.665668 269
0 0 0.665828 316
0 0 0.6673 435
0 0 0.669361 635
0 0 0.669552 555
0 0 0.670653 918
0 0 0.671435 207
0 0 0.674254 293
0 0 0.675376 394
0 0 0.675659 800
0 0 0.677513 201
0 0 0.6785 407
0 0 0.680937 389
0 0 0.681704 255
0 0 0.684849 504
0 0 0.684912 609
0 0 0.685412 791
0 0 0.685667 390
0 0 0.686691 393
0 0 0.687092 402
0 0 0.688673 486
0 0 0.688942 433
0 0 0.690035 275
0 0 0.690283 444
0 0 0.691025 682
0 0 0.691321 424
0 0 0.692195 904
0 0 0.693816 784
0 0 0.694041 820
0 0 0.694264 712
0 0 0.695359 762
0 0 0.695878 242
0 0 0.698322 497
0 0 0.701781 640
0 0 0.702072 923
0 0 0.703352 128
0 0 0.705736 812
0 0 0.706014 958
0 0 0.706911 235
0 0 0.707685 258
0 0 0.708027 101
0 0 0.708314 610
0 0 0.709072 830
0 0 0.710106 895
0 0 0.711833 919
0 0 0.713253 533
0 0 0.713297 850
0 0 0.715887 374
0 0 0.716169 233
0 0 0.716438 483
0 0 0.716675 914
0 0 0.717665 683
0 0 0.718556 276
0 0 0.719355 821
0 0 0.719989 598
0 0 0.721216 169
0 0 0.721244 512
0 0 0.723416 463
0 0 0.723525 867
0 0 0.723526 745
0 0 0.727526 900
0 0 0.728639 793
0 0 0.730177 129
0 0 0.730272 351
0 0 0.730338 676
0 0 0.733838 312
0 0 0.734718 534
0 0 0.735471 734
0 0 0.735505 571
0 0 0.736593 891
0 0 0.73725 572
0 0 0.738807 937
0 0 0.739834 466
0 0 0.740095 165
0 0 0.743145 737
0 0 0.745074 607
0 0 0.745104 494
0 0 0.745783 705
0 0 0.750159 807
0 0 0.750338 579
0 0 0.752546 436
0 0 0.752667 740
0 0 0.754707 642
0 0 0.755061 681
0 0 0.755826 552
0 0 0.757875 725
0 0 0.759373 369
0 0 0.760392 992
0 0 0.760951 311
0 0 0.761522 765
0 0 0.761796 813
0 0 0.763625 672
0 0 0.764336 527
0 0 0.764341 702
0 0 0.766751 324
0 0 0.767376 83
0 0 0.769998 27
0 0 0.77021 639
0 0 0.770215 875
0 0 0.771285 920
0 0 0.77225 616
0 0 0.774233 903
0 0 0.776165 553
0 0 0.776625 310
0 0 0.777596 709
0 0 0.778263 605
0 0 0.778681 437
0 0 0.780089 197
0 0 0.780893 430
0 0 0.784605 273
0 0 0.7848 726
0 0 0.788396 707
0 0 0.79037 71
0 0 0.790855 548
0 0 0.791836 651
0 0 0.791872 308
0 0 0.79219 284
0 0 0.793912 458
0 0 0.796898 728
0 0 0.7983 287
0 0 0.800893 898
0 0 0.804531 915
0 0 0.804901 122
0 0 0.806323 155
0 0 0.807423 966
0 0 0.807749 747
0 0 0.808701 506
0 0 0.809577 716
0 0 0.80968 117
0 0 0.813662 84
0 0 0.815101 429
0 0 0.816195 125
0 0 0.817649 266
0 0 0.817724 212
0 0 0.819929 24
0 0 0.821203 536
0 0 0.823222 993
0 0 0.823401 866
0 0 0.82539 828
0 0 0.825721 280
0 0 0.826926 779
0 0 0.82833 574
0 0 0.829295 380
0 0 0.831116 240
0 0 0.832358 679
0 0 0.834879 738
0 0 0.838171 319
0 0 0.838587 193
0 0 0.838918 614
0 0 0.840186 856
0 0 0.840724 339
0 0 0.840862 540
0 0 0.841915 874
0 0 0.842726 751
0 0 0.845528 944
0 0 0.846274 502
0 0 0.848695 190
0 0 0.850054 246
0 0 0.850814 701
0 0 0.85223 514
0 0 0.852581 105
0 0 0.852842 423
0 0 0.853071 977
0 0 0.854001 853
0 0 0.8556 455
0 0 0.858753 859
0 0 0.864424 568
0 0 0.865405 632
0 0 0.870559 897
0 0 0.870702 328
0 0 0.871096 969
0 0 0.871325 127
0 0 0.873769 124
0 0 0.87635 996
0 0 0.879272 869
0 0 0.880274 343
0 0 0.882981 814
0 0 0.886812 876
0 0 0.890028 631
0 0 0.890211 965
0 0 0.890946 942
0 0 0.893399 388
0 0 0.895746 772
0 0 0.900188 126
0 0 0.901165 291
0 0 0.901454 305
0 0 0.90291 986
0 0 0.903811 690
0 0 0.904914 484
0 0 0.906352 892
0 0 0.906857 849
0 0 0.907064 815
0 0 0.908726 464
0 0 0.911259 809
0 0 0.914179 787
0 0 0.914912 570
0 0 0.915382 689
0 0 0.916223 656
0 0 0.921908 300
0 0 0.922297 353
0 0 0.922754 499
0 0 0.923373 384
0 0 0.929334 313
0 0 0.931324 597
0 0 0.932162 403
0 0 0.932935 777
0 0 0.933227 282
0 0 0.933231 917
0 0 0.933366 362
0 0 0.934252 835
0 0 0.934829 592
0 0 0.934877 561
0 0 0.935652 259
0 0 0.9364 697
0 0 0.939405 171
0 0 0.942725 979
0 0 0.943283 366
0 0 0.944182 151
0 0 0.947439 191
0 0 0.948338 948
0 0 0.94899 152
0 0 0.949549 582
0 0 0.950927 841
0 0 0.951853 688
0 0 0.952738 761
0 0 0.952751 180
0 0 0.952879 426
0 0 0.95292 453
0 0 0.953351 467
0 0 0.953797 113
0 0 0.955031 283
0 0 0.955812 396
0 0 0.956641 55
0 0 0.958284 999
0 0 0.958683 665
0 0 0.959275 202
0 0 0.960736 11
0 0 0.961276 758
0 0 0.961399 252
0 0 0.964235 391
0 0 0.964422 290
0 0 0.966273 195
0 0 0.966831 976
0 0 0.968255 952
0 0 0.969935 921
0 0 0.970271 326
0 0 0.97085 460
0 0 0.971824 268
0 0 0.972643 428
0 0 0.97324 405
0 0 0.974387 330
0 0 0.974678 99
0 0 0.974693 928
0 0 0.977268 729
0 0 0.977293 132
0 0 0.977783 77
0 0 0.978376 198
0 0 0.979687 868
0 0 0.979784 846
0 0 0.985011 392
0 0 0.985409 970
0 0 0.986655 926
0 0 0.989565 968
0 0 0.990712 528
0 0 0.992415 985
0 0 0.993089 924
0 0 0.994522 406
0 0 0.995922 490
0 0 0.995986 871
0 0 0.996022 413
0 0 0.998801 160
0 0 0.998908 911
0 0 1.00133 216
0 0 1.00143 45
0 0 1.00152 666
0 0 1.00301 742
0 0 1.00438 154
0 0 1.00448 281
0 0 1.00488 760
0 0 1.00571 654
0 0 1.0076 541
0 0 1.00779 270
0 0 1.01051 377
0 0 1.01252 825
0 0 1.0129 817
0 0 1.0173 196
0 0 1.01777 720
0 0 1.01923 221
0 0 1.01924 21
0 0 1.02097 629
0 0 1.02188 586
0 0 1.02216 181
0 0 1.02258 912
0 0 1.02318 67
0 0 1.02423 222
0 0 1.02448 294
0 0 1.02636 378
0 0 1.02776 442
0 0 1.02863 337
0 0 1.02914 412
0 0 1.0298 896
0 0 1.03032 340
0 0 1.03041 908
0 0 1.03083 589
0 0 1.0333 858
0 0 1.03346 576
0 0 1.03478 379
0 0 1.0365 298
0 0 1.03756 680
0 0 1.03876 338
0 0 1.04276 995
0 0 1.04391 116
0 0 1.04434 954
0 0 1.04583 140
0 0 1.04589 75
0 0 1.04785 606
0 0 1.04794 401
0 0 1.0481 925
0 0 1.0485 889
0 0 1.0486 421
0 0 1.04912 253
0 0 1.0499 223
0 0 1.05027 368
0 0 1.05187 520
0 0 1.05256 523
0 0 1.05312 241
0 0 1.0555 971
0 0 1.0563 188
0 0 1.05982 796
0 0 1.06091 367
0 0 1.06152 72
0 0 1.06155 449
0 0 1.06397 755
0 0 1.06462 658
0 0 1.06543 667
0 0 1.06716 538
0 0 1.06857 539
1 1.00201 1.07234 193-842
0 0 1.07281 90
0 0 1.07366 114
0 0 1.07406 600
0 0 1.07489 318
0 0 1.07492 199
0 0 1.07584 210
0 0 1.07985 736
0 0 1.08041 599
0 0 1.08237 345
0 0 1.08325 517
0 0 1.08507 691
0 0 1.08563 73
0 0 1.08643 757
0 0 1.08845 299
0 0 1.08992 205
0 0 1.09218 355
0 0 1.09292 805
0 0 1.09456 333
0 0 1.09565 48
0 0 1.09582 88
0 0 1.09786 372
0 0 1.09864 714
0 0 1.09963 493
0 0 1.10068 8
0 0 1.10088 106
0 0 1.10099 420
0 0 1.10255 468
0 0 1.10416 400
0 0 1.10489 304
0 0 1.10528 332
0 0 1.10614 176
0 0 1.10928 118
0 0 1.11075 94
0 0 1.11156 344
0 0 1.11335 518
0 0 1.11424 481
0 0 1.11695 247
0 0 1.11733 261
0 0 1.1175 162
0 0 1.11902 478
0 0 1.11979 20
0 0 1.12205 652
0 0 1.12253 792
0 0 1.12377 243
0 0 1.12963 138
0 0 1.1298 78
0 0 1.13059 663
0 0 1.13382 522
0 0 1.13424 946
0 0 1.13559 85
0 0 1.13673 438
0 0 1.13729 102
1 1.03837 1.13895 689-884
0 0 1.14064 432
0 0 1.1408 18
1 1.07884 1.14396 273-403
0 0 1.14434 831
0 0 1.14507 448
0 0 1.14955 984
0 0 1.15008 602
0 0 1.15355 350
0 0 1.15463 49
0 0 1.1547 591
0 0 1.16046 670
0 0 1.16124 810
0 0 1.16196 142
0 0 1.16266 621
0 0 1.16273 783
0 0 1.16337 341
0 0 1.1666 801
0 0 1.16703 488
0 0 1.17435 143
0 0 1.17532 248
0 0 1.17629 47
0 0 1.17702 885
0 0 1.17886 136
0 0 1.18103 185
0 0 1.18135 507
0 0 1.18307 471
0 0 1.19004 981
0 0 1.19029 662
0 0 1.1905 480
0 0 1.19196 224
0 0 1.19401 59
0 0 1.19538 79
0 0 1.19583 215
0 0 1.19718 28
0 0 1.19739 16
0 0 1.19793 5
0 0 1.19823 832
0 0 1.19883 174
0 0 1.20151 161
0 0 1.20224 63
0 0 1.20536 31
0 0 1.20805 15
0 0 1.21276 100
0 0 1.2138 419
0 0 1.21415 567
0 0 1.21466 776
0 0 1.21475 60
0 0 1.21511 673
0 0 1.21995 1
0 0 1.22058 54
0 0 1.22099 446
0 0 1.22259 491
1 0.853613 1.22438 751-879
0 0 1.2266 551
0 0 1.22733 139
0 0 1.22751 32
0 0 1.2277 206
0 0 1.23041 398
0 0 1.23041 109
0 0 1.23087 251
0 0 1.23118 6
0 0 1.23252 778
1 1.06997 1.23523 154-849
0 0 1.23656 905
1 1.07889 1.23675 682-919
0 0 1.2368 811
0 0 1.23768 289
0 0 1.2381 447
0 0 1.23847 489
0 0 1.23969 76
0 0 1.24061 97
0 0 1.24094 53
0 0 1.24322 39
0 0 1.24329 130
0 0 1.24571 959
1 1.18993 1.24638 373-782
0 0 1.24689 823
0 0 1.24868 951
0 0 1.25272 722
0 0 1.25489 46
0 0 1.25809 909
0 0 1.2597 285
0 0 1.26004 57
0 0 1.2604 498
0 0 1.26067 209
0 0 1.26504 81
0 0 1.26914 545
0 0 1.26994 671
0 0 1.27003 359
0 0 1.27523 887
0 0 1.27714 227
0 0 1.2818 44
0 0 1.28572 56
0 0 1.28597 431
0 0 1.28717 178
0 0 1.28845 509
0 0 1.29146 52
0 0 1.29665 416
0 0 1.29807 699
0 0 1.30397 301
0 0 1.30558 110
0 0 1.31291 557
0 0 1.31566 505
0 0 1.31764 104
0 0 1.31801 41
0 0 1.32199 257
0 0 1.323 137
0 0 1.32314 200
0 0 1.32316 510
0 0 1.32343 873
1 1.15951 1.32888 814-917
0 0 1.33902 352
0 0 1.34005 234
0 0 1.3404 211
0 0 1.34504 922
0 0 1.34625 68
0 0 1.34903 550
0 0 1.35036 773
0 0 1.35419 852
0 0 1.35457 69
0 0 1.35497 706
0 0 1.3555 149
0 0 1.35572 315
0 0 1.3572 208
0 0 1.35729 249
0 0 1.35826 22
0 0 1.36168 537
0 0 1.36177 43
0 0 1.3619 82
0 0 1.36192 150
0 0 1.36209 237
0 0 1.36278 91
0 0 1.36391 684
0 0 1.36437 274
1 1.07173 1.36458 366-911
0 0 1.36641 203
0 0 1.36852 637
0 0 1.36888 7
1 1.25147 1.37077 151-665
0 0 1.37239 230
0 0 1.37284 445
0 0 1.37366 98
1 1.1231 1.37405 368-477
0 0 1.37783 14
1 1.27546 1.3818 136-463
0 0 1.38279 611
0 0 1.38335 25
0 0 1.38443 331
0 0 1.3912 121
0 0 1.39132 625
0 0 1.39214 112
0 0 1.39256 2
0 0 1.39422 848
0 0 1.39842 411
0 0 1.39846 704
1 1.21129 1.40083 185-574
0 0 1.40653 148
0 0 1.41055 513
1 1.4136 8.5 737-761
0 0 1.41471 115
0 0 1.4163 231
0 0 1.41713 462
0 0 1.42161 292
0 0 1.42282 217
0 0 1.42836 133
1 1.27665 1.4302 78-83
0 0 1.43964 325
0 0 1.44237 156
0 0 1.44264 120
0 0 1.44531 42
0 0 1.44557 382
0 0 1.44598 544
0 0 1.44866 220
0 0 1.45085 146
0 0 1.4516 314
0 0 1.45297 980
0 0 1.45402 346
1 1.30297 1.45467 831-952
0 0 1.45739 452
0 0 1.45783 601
0 0 1.46091 30
0 0 1.46099 798
0 0 1.46128 934
0 0 1.46322 604
0 0 1.46456 626
0 0 1.46748 36
1 1.30319 1.4676 655-739
0 0 1.46879 4
0 0 1.46935 194
0 0 1.4709 427
0 0 1.47299 93
0 0 1.47651 108
0 0 1.47986 277
0 0 1.48047 476
0 0 1.48609 957
0 0 1.48701 173
0 0 1.48891 10
0 0 1.49518 409
0 0 1.49658 479
1 1.4174 1.49695 353-739
0 0 1.49746 166
0 0 1.50307 397
0 0 1.50364 172
0 0 1.50552 525
0 0 1.50641 532
0 0 1.5119 38
0 0 1.51272 95
0 0 1.51283 145
1 1.41772 1.51681 215-885
0 0 1.51945 13
0 0 1.52065 225
0 0 1.52855 472
0 0 1.54284 264
0 0 1.54349 775
0 0 1.54768 945
1 1.32942 1.55182 83-624
0 0 1.55421 23
0 0 1.55596 35
0 0 1.5619 64
1 1.35127 1.56358 273-714
0 0 1.56551 87
0 0 1.56591 302
0 0 1.56703 262
0 0 1.56871 434
0 0 1.57471 17
1 1.25411 1.57659 88-865
0 0 1.58173 329
0 0 1.58241 322
0 0 1.58557 443
0 0 1.588 953
0 0 1.58938 263
0 0 1.58975 182
1 1.23295 1.58993 319-838
1 1.43518 1.594 475-631
0 0 1.60007 250
0 0 1.60479 66
1 1.32286 1.60497 57-584
0 0 1.61112 515
0 0 1.61178 141
0 0 1.61363 456
0 0 1.61935 19
0 0 1.62013 219
0 0 1.62071 92
0 0 1.62095 134
1 1.28406 1.62155 480-835
0 0 1.62413 65
0 0 1.62564 119
0 0 1.62678 271
1 1.51524 1.63187 327-728
0 0 1.63558 9
1 1.40232 1.6393 238-735
1 1.44191 1.6394 666-754
0 0 1.64128 228
0 0 1.64208 323
1 1.42237 1.64283 740-808
0 0 1.64597 187
1 1.60961 1.66732 502-709
1 1.38005 1.66927 689-741
1 1.34467 1.67142 126-740
1 1.67288 8.5 443-674
1 1.52302 1.6748 399-656
1 1.60585 1.67621 500-745
0 0 1.67703 167
0 0 1.68831 86
0 0 1.69314 62
0 0 1.69661 157
0 0 1.69765 890
1 1.195 1.69925 827-828
0 0 1.7004 189
1 1.24782 1.70113 151-807
0 0 1.72459 214
0 0 1.72635 184
1 1.19228 1.73672 355-912
0 0 1.74345 164
1 1.69649 1.74745 268-396
0 0 1.74829 159
0 0 1.75177 236
0 0 1.75342 404
0 0 1.7601 991
0 0 1.76047 546
1 1.53246 1.76099 332-917
0 0 1.76962 12
0 0 1.77678 50
1 1.38388 1.77727 54-887
0 0 1.7855 862
1 1.64904 1.78724 365-855
0 0 1.79115 168
1 1.58136 1.79441 332-428
0 0 1.80095 34
0 0 1.80398 163
1 1.75441 1.80593 640-778
0 0 1.81266 29
0 0 1.81869 218
1 1.3917 1.82581 276-959
0 0 1.83498 107
0 0 1.8511 26
1 1.58101 1.86088 79-604
1 1.69815 1.86125 127-391
1 1.54305 1.87501 355-959
1 1.79435 1.87948 185-340
1 1.66828 1.88411 187-852
1 1.82767 1.8866 358-420
1 1.58434 1.88846 428-614
0 0 1.89612 186
1 1.70212 1.8964 517-975
0 0 1.89813 593
1 1.30457 1.90493 420-731
1 1.83771 1.90632 188-960
1 1.34832 1.91259 116-577
0 0 1.91451 529
0 0 1.92399 303
1 1.48321 1.9271 210-333
1 1.81509 1.93547 165-953
0 0 1.94011 58
1 1.33515 1.94473 294-638
0 0 1.94536 296
1 1.28501 1.95081 412-686
1 1.21501 1.95259 136-784
0 0 1.95316 229
0 0 1.95398 256
0 0 1.9559 3
1 1.19648 1.962 294-428
1 1.51549 1.97337 621-773
0 0 1.98722 144
1 1.94197 1.99974 594-680
1 1.56742 2.0062 442-653
1 1.88521 2.00687 189-263
1 1.71916 2.02918 94-440
1 1.38298 2.0317 567-873
1 1.79546 2.0358 199-249
1 1.33929 2.04084 126-607
1 1.73832 2.05398 149-925
1 1.76035 2.0739 388-817
1 1.96418 2.07835 549-626
1 1.4606 2.0938 599-777
1 1.78019 2.09671 109-221
1 1.83873 2.10146 283-644
1 1.65151 2.11167 67-238
0 0 2.13489 840
1 1.5522 2.13494 146-579
1 1.87396 2.14081 28-98
1 2.09336 2.14432 4-214
1 1.80419 2.17562 431-936
1 1.97374 2.18537 658-871
1 1.96201 2.18762 314-316
1 1.89721 2.19678 134-812
0 0 2.20693 317
0 0 2.22014 61
1 1.74591 2.22234 191-635
1 1.69923 2.24159 346-946
1 1.59683 2.25393 473-702
1 1.47258 2.25441 45-877
1 1.96568 2.26026 525-736
1 1.31018 2.2676 841-936
1 2.11868 2.26983 50-184
0 0 2.27131 845
1 1.84834 2.27565 422-892
1 1.7003 2.28561 187-244
1 2.23517 2.30887 143-789
1 1.612 2.31089 555-794
1 2.23163 2.31564 1-432
1 2.23958 2.3179 189-969
1 1.94276 2.32528 138-322
1 2.17283 2.33384 593-809
1 1.83708 2.33559 348-611
1 1.66812 2.351 211-943
1 2.21064 2.3623 231-682
1 1.5422 2.38041 568-600
1 2.30564 2.39489 253-405
1 1.63808 2.41454 555-720
1 2.35972 2.41542 206-736
1 1.68324 2.45827 753-822
1 1.6101 2.47158 626-953
1 2.04448 2.47505 436-663
1 1.98433 2.48945 95-753
1 1.76824 2.50003 202-310
1 1.90586 2.50522 159-722
1 1.51489 2.51623 930-934
1 1.76132 2.51722 30-960
1 2.09145 2.52467 743-778
1 1.58537 2.52923 38-352
1 1.77094 2.53332 299-491
1 2.1151 2.53899 261-482
1 2.34781 2.54591 251-557
1 2.3071 2.55024 915-922
1 2.30376 2.55132 80-664
1 2.47756 2.55194 58-350
1 2.16584 2.55634 524-805
1 1.93446 2.5638 237-743
1 1.71548 2.56416 812-860
1 1.7 2.57961 392-671
1 1.73318 2.58835 13-923
1 2.31171 2.59212 452-831
1 2.36829 2.59787 164-524
1 2.34755 2.60294 272-759
1 1.69176 2.60667 652-850
1 2.49196 2.61561 270-950
1 2.46991 2.64646 302-779
1 2.25021 2.66218 557-601
1 2.57099 2.66394 262-434
1 1.95857 2.66779 4-843
1 1.47669 2.66967 260-710
1 2.61267 2.67226 513-957
1 2.02862 2.6789 462-585
1 2.4159 2.69375 76-229
1 2.46429 2.70261 632-921
1 2.11192 2.72173 248-385
1 1.85896 2.72414 164-864
1 1.68882 2.73929 220-775
1 2.641 2.75678 236-954
1 2.23985 2.76798 190-861
1 2.59392 2.79942 61-488
1 2.45344 2.80394 280-462
1 2.48607 2.80517 307-945
1 2.60289 2.81557 468-629
1 2.75349 2.8236 75-296
1 2.19475 2.83174 225-848
1 1.78609 2.84785 96-289
1 1.92589 2.85419 274-405
1 1.97606 2.85538 90-447
1 2.47272 2.87865 187-839
1 2.25433 2.88161 115-934
1 2.49661 2.88204 87-998
1 1.66168 2.8837 130-414
1 1.64811 2.88762 359-837
1 2.58893 2.90076 217-416
1 2.08252 2.91604 313-416
1 2.48803 2.92177 290-916
1 2.0029 2.92674 200-296
1 2.22468 2.92794 290-340
1 1.79096 2.93361 184-980
1 2.32895 2.93977 145-228
1 1.91038 2.94572 397-798
1 2.01506 2.95564 7-398
1 2.54061 2.97195 173-451
1 1.99753 2.97507 58-560
1 2.79555 2.97546 352-706
1 2.844 3.00637 317-699
1 2.71807 3.01 101-904
1 2.67653 3.01803 191-935
1 1.98215 3.02383 645-796
1 1.63965 3.0337 234-915
1 2.91978 3.04321 290-656
1 2.25979 3.05228 214-945
1 2.67487 3.07265 298-836
1 2.86289 3.075 935-965
1 2.87407 3.10529 218-681
1 3.03655 3.12503 247-532
1 2.51618 3.12801 217-529
1 2.68823 3.12901 313-529
1 2.43599 3.14575 159-230
1 1.99866 3.15471 611-634
1 2.1182 3.18178 472-497
1 2.96743 3.18517 601-766
1 2.83929 3.1873 323-845
1 2.48471 3.19416 337-550
1 2.74872 3.20882 285-991
1 2.13277 3.20941 129-926
1 2.56125 3.22556 434-550
1 1.39819 3.23559 69-523
1 1.60827 3.23843 314-908
1 1.71752 3.25326 671-986
1 1.9282 3.25865 466-980
1 2.36837 3.26928 156-456
1 1.98781 3.37178 287-981
1 2.30455 3.38259 301-683
1 2.13495 3.41276 161-271
1 2.18982 3.45401 357-840
1 1.86092 3.46164 798-909
1 2.73331 3.46209 862-991
1 1.76499 3.49023 133-304
1 1.67056 3.49469 170-194
1 1.86574 3.53152 701-833
1 2.58543 3.56874 387-954
1 2.25924 3.58313 504-991
1 3.35922 3.59188 382-885
1 1.75448 3.5972 92-450
1 2.14749 3.62421 206-452
1 3.0186 3.81141 125-840
1 1.7617 3.84197 203-985
1 2.19033 3.88576 12-747
1 2.12824 3.92678 265-765
1 3.43807 3.92878 10-229
1 2.58664 3.96877 233-781
1 3.09358 3.97004 256-336
1 1.78028 3.99915 560-922
1 2.11494 3.99988 243-593
2 3.88885 4.05373 88-501-668
2 4.03277 4.1066 101-706-837
1 2.45889 4.14703 505-944
1 1.98768 4.19065 328-684
1 3.55112 4.26014 769-845
1 2.41828 4.40905 457-699
1 3.77095 4.6729 326-984
1 1.9812 4.68233 163-706
1 1.72429 4.85613 676-981
2 5.3198 8.5 393-756-862
