0 0 8.5 0
0 0 0.0722236 994
0 0 0.0784812 535
0 0 0.0796451 612
0 0 0.082438 417
0 0 0.0852637 627
0 0 0.099474 693
0 0 0.108409 441
0 0 0.1092 827
0 0 0.109429 771
0 0 0.114013 717
0 0 0.118847 974
0 0 0.122915 648
0 0 0.13054 177
0 0 0.13189 336
0 0 0.132533 961
0 0 0.135574 560
0 0 0.142072 320
0 0 0.143928 457
0 0 0.150805 286
0 0 0.158611 829
0 0 0.163752 935
0 0 0.168899 628
0 0 0.169743 883
0 0 0.171989 573
0 0 0.174389 753
0 0 0.17872 963
0 0 0.182558 972
0 0 0.184571 982
0 0 0.186237 978
0 0 0.187385 844
0 0 0.189038 906
0 0 0.192428 733
0 0 0.194536 822
0 0 0.195958 677
0 0 0.19672 395
0 0 0.198871 565
0 0 0.199514 655
0 0 0.200155 700
0 0 0.20646 940
0 0 0.207679 767
0 0 0.20935 594
0 0 0.215011 265
0 0 0.220283 618
0 0 0.227613 669
0 0 0.229143 834
0 0 0.231193 354
0 0 0.231382 123
0 0 0.232092 51
0 0 0.232532 863
0 0 0.234929 732
0 0 0.235415 857
0 0 0.235451 769
0 0 0.238661 816
0 0 0.242138 89
0 0 0.243109 746
0 0 0.252905 371
0 0 0.255421 967
0 0 0.255866 422
0 0 0.256859 559
0 0 0.260602 492
0 0 0.262007 838
0 0 0.266605 226
0 0 0.267453 939
0 0 0.268576 860
0 0 0.270827 386
0 0 0.271503 365
0 0 0.27558 620
0 0 0.275885 267
0 0 0.278788 678
0 0 0.280286 826
0 0 0.281777 645
0 0 0.285048 668
0 0 0.291651 735
0 0 0.295522 385
0 0 0.295829 989
0 0 0.29855 855
0 0 0.299186 564
0 0 0.300488 375
0 0 0.300863 661
0 0 0.300877 634
0 0 0.30132 482
0 0 0.301591 879
0 0 0.303124 894
0 0 0.304506 542
0 0 0.306016 260
0 0 0.309969 785
0 0 0.312034 901
0 0 0.313521 644
0 0 0.320361 461
0 0 0.32132 973
0 0 0.322473 495
0 0 0.32335 983
0 0 0.327096 641
0 0 0.327611 175
0 0 0.329739 547
0 0 0.338614 870
0 0 0.340141 872
0 0 0.34347 519
0 0 0.3467 696
0 0 0.348702 839
0 0 0.350606 342
0 0 0.353151 566
0 0 0.355756 335
0 0 0.355816 473
0 0 0.358155 376
0 0 0.359853 531
0 0 0.361767 938
0 0 0.361841 947
0 0 0.36344 930
0 0 0.364789 990
0 0 0.36597 204
0 0 0.36803 724
0 0 0.368041 997
0 0 0.36859 278
0 0 0.375098 943
0 0 0.378393 521
0 0 0.380006 768
0 0 0.382084 664
0 0 0.382492 158
0 0 0.383536 469
0 0 0.3866 596
0 0 0.394211 334
0 0 0.39811 927
0 0 0.398621 819
0 0 0.399592 956
0 0 0.400305 530
0 0 0.401668 563
0 0 0.404652 562
0 0 0.406191 730
0 0 0.406292 617
0 0 0.40705 987
0 0 0.410302 633
0 0 0.412248 754
0 0 0.418178 588
0 0 0.420824 727
0 0 0.421693 763
0 0 0.423149 630
0 0 0.430814 902
0 0 0.431772 788
0 0 0.435847 603
0 0 0.43655 882
0 0 0.436564 399
0 0 0.437346 703
0 0 0.438135 916
0 0 0.438561 624
0 0 0.439772 418
0 0 0.440695 803
0 0 0.440835 623
0 0 0.442058 782
0 0 0.442708 307
0 0 0.443186 774
0 0 0.445037 459
0 0 0.445517 808
0 0 0.445865 861
0 0 0.448027 232
0 0 0.456242 804
0 0 0.457054 797
0 0 0.458098 802
0 0 0.45892 739
0 0 0.460351 454
0 0 0.460762 613
0 0 0.460772 899
0 0 0.463205 508
0 0 0.46396 988
0 0 0.464607 496
0 0 0.464895 836
0 0 0.464896 950
0 0 0.465761 650
0 0 0.466555 356
0 0 0.468725 615
0 0 0.470331 646
0 0 0.47343 587
0 0 0.474986 653
0 0 0.476951 847
0 0 0.479089 932
0 0 0.479389 708
0 0 0.479426 931
0 0 0.479933 347
0 0 0.484353 643
0 0 0.484426 886
0 0 0.488641 414
0 0 0.490883 349
0 0 0.490916 244
0 0 0.491443 361
0 0 0.491952 713
0 0 0.49279 585
0 0 0.493434 306
0 0 0.495443 465
0 0 0.496506 470
0 0 0.500666 723
0 0 0.501355 864
0 0 0.501833 619
0 0 0.502985 474
0 0 0.503014 111
0 0 0.503627 408
0 0 0.504377 675
0 0 0.506044 364
0 0 0.509826 70
0 0 0.512877 719
0 0 0.513556 387
0 0 0.51435 575
0 0 0.515146 254
0 0 0.515569 649
0 0 0.515753 288
0 0 0.516166 718
0 0 0.516255 780
0 0 0.517657 516
0 0 0.518672 818
0 0 0.521453 694
0 0 0.523912 715
0 0 0.524202 824
0 0 0.52524 608
0 0 0.525663 153
0 0 0.525786 941
0 0 0.526122 880
0 0 0.526608 749
0 0 0.527084 687
0 0 0.528101 698
0 0 0.528381 638
0 0 0.530149 741
0 0 0.530575 907
0 0 0.530693 962
0 0 0.53171 33
0 0 0.53181 854
0 0 0.532859 451
0 0 0.533503 135
0 0 0.534861 74
0 0 0.535532 910
0 0 0.536373 581
0 0 0.540115 358
0 0 0.541753 795
0 0 0.541848 327
0 0 0.542126 964
0 0 0.545695 556
0 0 0.549162 357
0 0 0.550399 692
0 0 0.55341 750
0 0 0.554921 272
0 0 0.555622 837
0 0 0.556765 743
0 0 0.557507 383
0 0 0.564981 147
0 0 0.565988 881
0 0 0.568312 37
0 0 0.569239 949
0 0 0.572129 806
0 0 0.573566 370
0 0 0.574159 245
0 0 0.574367 647
0 0 0.574459 569
0 0 0.574549 877
0 0 0.575434 524
0 0 0.575849 865
0 0 0.576949 440
0 0 0.577047 833
0 0 0.577547 503
0 0 0.578524 660
0 0 0.578884 936
0 0 0.579198 711
0 0 0.579338 590
0 0 0.58022 748
0 0 0.580868 786
0 0 0.581214 543
0 0 0.58316 577
0 0 0.584055 425
0 0 0.585271 766
0 0 0.585568 554
0 0 0.587364 415
0 0 0.587866 884
0 0 0.587985 888
0 0 0.58859 348
0 0 0.589222 239
0 0 0.589801 487
0 0 0.591731 933
0 0 0.592659 878
0 0 0.592681 913
0 0 0.593522 659
0 0 0.593625 477
0 0 0.593822 960
0 0 0.594283 686
0 0 0.595118 794
0 0 0.596989 309
0 0 0.597886 179
0 0 0.598102 752
0 0 0.601253 297
0 0 0.601711 213
0 0 0.602038 549
0 0 0.602316 500
0 0 0.603261 393
0 0 0.603462 526
0 0 0.603912 103
0 0 0.60544 799
0 0 0.606811 674
0 0 0.606958 695
0 0 0.607021 439
0 0 0.608926 583
0 0 0.609583 721
0 0 0.609959 759
0 0 0.610393 80
0 0 0.611025 657
0 0 0.611937 501
0 0 0.61446 764
0 0 0.615132 998
0 0 0.619753 918
0 0 0.620003 555
0 0 0.620137 744
0 0 0.620771 40
0 0 0.62462 929
0 0 0.62503 635
0 0 0.625179 790
0 0 0.625196 279
0 0 0.62562 580
0 0 0.626379 710
0 0 0.627275 584
0 0 0.627807 781
0 0 0.627846 238
0 0 0.629327 762
0 0 0.630324 363
0 0 0.631382 410
0 0 0.632093 96
0 0 0.633209 622
0 0 0.63781 269
0 0 0.638077 685
0 0 0.638647 504
0 0 0.640101 511
0 0 0.64203 975
0 0 0.642477 893
0 0 0.642823 192
0 0 0.64513 435
0 0 0.647227 450
0 0 0.648393 821
0 0 0.648618 842
0 0 0.648695 731
0 0 0.648759 295
0 0 0.648903 131
0 0 0.65255 381
0 0 0.652786 394
0 0 0.653802 789
0 0 0.656156 475
0 0 0.657007 275
0 0 0.658951 374
0 0 0.659776 351
0 0 0.659995 820
0 0 0.660176 312
0 0 0.66052 497
0 0 0.661561 293
0 0 0.662544 242
0 0 0.662824 683
0 0 0.663145 373
0 0 0.663564 170
0 0 0.664033 636
0 0 0.664077 595
0 0 0.665281 485
0 0 0.667257 756
0 0 0.670026 360
0 0 0.671047 610
0 0 0.672869 914
0 0 0.674362 558
0 0 0.674727 740
0 0 0.67554 807
0 0 0.67652 390
0 0 0.677174 784
0 0 0.68226 770
0 0 0.683741 183
0 0 0.685525 444
0 0 0.689257 321
0 0 0.689547 433
0 0 0.689798 843
0 0 0.689846 791
0 0 0.691683 316
0 0 0.692317 389
0 0 0.692792 851
0 0 0.693805 512
0 0 0.697348 958
0 0 0.697515 255
0 0 0.699198 578
0 0 0.703767 579
0 0 0.705466 919
0 0 0.70568 128
0 0 0.706005 463
0 0 0.707502 169
0 0 0.707724 233
0 0 0.708218 101
0 0 0.709109 900
0 0 0.710644 726
0 0 0.71067 258
0 0 0.713137 571
0 0 0.713164 812
0 0 0.713825 682
0 0 0.716322 276
0 0 0.717097 830
0 0 0.717414 712
0 0 0.718281 895
0 0 0.719276 598
0 0 0.719714 466
0 0 0.721374 765
0 0 0.722157 165
0 0 0.722491 904
0 0 0.722981 955
0 0 0.723197 494
0 0 0.723552 458
0 0 0.724169 201
0 0 0.725091 850
0 0 0.725384 734
0 0 0.726632 800
0 0 0.726727 640
0 0 0.729423 533
0 0 0.729914 642
0 0 0.730115 483
0 0 0.731354 793
0 0 0.731458 207
0 0 0.731588 676
0 0 0.737014 486
0 0 0.737727 891
0 0 0.739547 681
0 0 0.73963 716
0 0 0.740888 609
0 0 0.741583 235
0 0 0.743227 705
0 0 0.74376 737
0 0 0.743988 534
0 0 0.744934 875
0 0 0.746294 639
0 0 0.746871 903
0 0 0.747036 402
0 0 0.747772 702
0 0 0.748955 284
0 0 0.749909 424
0 0 0.753107 607
0 0 0.755249 125
0 0 0.75549 572
0 0 0.757053 923
0 0 0.758827 672
0 0 0.760501 527
0 0 0.760655 553
0 0 0.761244 407
0 0 0.761366 548
0 0 0.761695 83
0 0 0.765637 616
0 0 0.7662 369
0 0 0.768437 273
0 0 0.768549 308
0 0 0.770301 311
0 0 0.771341 437
0 0 0.773345 310
0 0 0.77371 992
0 0 0.773828 937
0 0 0.773896 747
0 0 0.774701 745
0 0 0.775885 27
0 0 0.77946 129
0 0 0.779613 605
0 0 0.780388 71
0 0 0.782788 779
0 0 0.784396 84
0 0 0.786915 915
0 0 0.787153 828
0 0 0.794043 867
0 0 0.79453 324
0 0 0.795052 707
0 0 0.796567 122
0 0 0.799735 920
0 0 0.800634 430
0 0 0.800764 380
0 0 0.802544 197
0 0 0.803905 725
0 0 0.803993 155
0 0 0.804827 751
0 0 0.804974 552
0 0 0.805352 898
0 0 0.806036 536
0 0 0.806146 287
0 0 0.806159 506
0 0 0.814139 212
0 0 0.814586 193
0 0 0.815191 319
0 0 0.819229 869
0 0 0.821411 853
0 0 0.822295 24
0 0 0.824131 117
0 0 0.824464 651
0 0 0.825231 709
0 0 0.825864 436
0 0 0.826143 965
0 0 0.827037 996
0 0 0.827405 813
0 0 0.830407 969
0 0 0.831733 339
0 0 0.832699 856
0 0 0.83808 874
0 0 0.839537 190
0 0 0.840335 944
0 0 0.841632 502
0 0 0.842153 966
0 0 0.843008 574
0 0 0.843903 246
0 0 0.844576 701
0 0 0.846686 738
0 0 0.846833 266
0 0 0.849316 632
0 0 0.850219 679
0 0 0.853262 859
0 0 0.854994 105
0 0 0.856126 343
0 0 0.857546 423
0 0 0.859083 942
0 0 0.863592 728
0 0 0.867335 240
0 0 0.867536 280
0 0 0.87023 777
0 0 0.870628 484
0 0 0.871055 429
0 0 0.873058 540
0 0 0.874212 809
0 0 0.87624 866
0 0 0.876769 127
0 0 0.87971 291
0 0 0.879963 426
0 0 0.880111 897
0 0 0.880479 970
0 0 0.880821 993
0 0 0.8817 815
0 0 0.882387 849
0 0 0.882609 305
0 0 0.883743 689
0 0 0.887956 846
0 0 0.891447 455
0 0 0.893853 582
0 0 0.894064 835
0 0 0.894819 124
0 0 0.895716 986
0 0 0.895844 328
0 0 0.899558 126
0 0 0.901224 656
0 0 0.903235 814
0 0 0.903821 514
0 0 0.904585 892
0 0 0.906535 977
0 0 0.910968 614
0 0 0.913822 772
0 0 0.914428 396
0 0 0.91565 366
0 0 0.916816 259
0 0 0.91885 841
0 0 0.920649 283
0 0 0.921209 761
0 0 0.927052 597
0 0 0.928548 326
0 0 0.92883 464
0 0 0.93035 428
0 0 0.930553 787
0 0 0.931432 388
0 0 0.931586 132
0 0 0.933067 568
0 0 0.933186 499
0 0 0.933678 665
0 0 0.934529 876
0 0 0.934652 948
0 0 0.937741 911
0 0 0.938265 362
0 0 0.939525 688
0 0 0.940138 561
0 0 0.941794 191
0 0 0.94312 268
0 0 0.94478 631
0 0 0.944861 758
0 0 0.946915 467
0 0 0.94817 391
0 0 0.948355 926
0 0 0.949987 340
0 0 0.950076 21
0 0 0.950447 995
0 0 0.951895 403
0 0 0.95205 592
0 0 0.952946 353
0 0 0.953402 570
0 0 0.955548 384
0 0 0.956808 742
0 0 0.957953 928
0 0 0.958126 917
0 0 0.960905 252
0 0 0.96141 589
0 0 0.961425 405
0 0 0.964538 896
0 0 0.966996 490
0 0 0.967004 377
0 0 0.967311 270
0 0 0.967408 858
0 0 0.969082 151
0 0 0.969292 729
0 0 0.971026 180
0 0 0.971387 113
0 0 0.971914 152
0 0 0.972368 300
0 0 0.97243 999
0 0 0.972487 290
0 0 0.97298 654
0 0 0.973941 460
0 0 0.974836 413
0 0 0.975031 171
0 0 0.975106 195
0 0 0.976403 221
0 0 0.977753 952
0 0 0.978215 282
0 0 0.981345 868
0 0 0.982283 528
0 0 0.984111 45
0 0 0.984842 368
0 0 0.986497 697
0 0 0.986682 667
0 0 0.987616 976
0 0 0.987968 453
0 0 0.988195 181
0 0 0.988647 313
0 0 0.988742 379
0 0 0.988831 629
0 0 0.992514 690
0 0 0.992883 77
0 0 0.994002 871
0 0 0.996331 912
0 0 0.996426 979
0 0 0.99681 406
0 0 0.997409 924
0 0 0.999101 202
0 0 1.00036 541
0 0 1.00071 160
0 0 1.0063 222
0 0 1.00664 796
0 0 1.00676 921
0 0 1.00712 55
0 0 1.00814 99
0 0 1.00858 666
0 0 1.00862 11
0 0 1.01048 606
0 0 1.01066 330
0 0 1.01157 154
0 0 1.01376 281
0 0 1.01395 757
0 0 1.01606 198
0 0 1.01646 720
0 0 1.0176 680
0 0 1.021 968
0 0 1.02204 586
0 0 1.02455 760
0 0 1.02664 116
0 0 1.0289 90
0 0 1.03141 538
0 0 1.03387 576
0 0 1.03409 298
0 0 1.03489 196
0 0 1.03647 94
0 0 1.03693 825
0 0 1.03793 67
0 0 1.03793 337
0 0 1.03887 755
0 0 1.04253 241
0 0 1.0438 88
0 0 1.04408 223
0 0 1.04447 985
0 0 1.04623 216
0 0 1.04671 908
0 0 1.04958 378
0 0 1.05039 318
0 0 1.05105 736
0 0 1.05162 412
0 0 1.05198 831
0 0 1.05216 75
0 0 1.0522 817
0 0 1.0539 294
0 0 1.05403 140
0 0 1.05499 400
0 0 1.05703 421
0 0 1.05876 539
0 0 1.05947 954
0 0 1.06176 199
0 0 1.06214 401
0 0 1.06229 253
0 0 1.06321 971
0 0 1.06509 338
0 0 1.06558 925
0 0 1.06898 493
0 0 1.0693 805
0 0 1.0702 600
0 0 1.07039 691
0 0 1.07181 658
0 0 1.0721 599
0 0 1.07255 602
0 0 1.07283 118
0 0 1.07568 188
0 0 1.07577 372
0 0 1.07707 478
0 0 1.07743 48
0 0 1.07766 210
0 0 1.07943 106
0 0 1.08005 114
0 0 1.08024 889
0 0 1.08055 344
0 0 1.08127 442
0 0 1.08168 72
0 0 1.08193 392
0 0 1.08201 449
0 0 1.08489 523
0 0 1.08968 517
0 0 1.09004 20
0 0 1.09092 355
0 0 1.09146 367
0 0 1.09432 345
0 0 1.09479 663
0 0 1.09568 162
0 0 1.0962 448
0 0 1.09647 85
0 0 1.09715 468
0 0 1.09857 299
0 0 1.10007 522
0 0 1.10093 792
0 0 1.10198 8
0 0 1.10317 518
0 0 1.10504 73
0 0 1.10941 520
0 0 1.10944 247
0 0 1.11126 205
0 0 1.11224 333
0 0 1.11372 714
0 0 1.11554 984
0 0 1.12366 138
0 0 1.12457 432
0 0 1.12528 261
0 0 1.13044 652
0 0 1.13048 776
0 0 1.13131 243
0 0 1.13377 31
0 0 1.13634 176
0 0 1.13679 142
0 0 1.13955 18
0 0 1.1399 49
0 0 1.14202 78
0 0 1.14455 102
0 0 1.14861 420
0 0 1.1511 488
0 0 1.1511 341
0 0 1.15217 946
0 0 1.15227 332
0 0 1.15347 143
0 0 1.15751 981
0 0 1.15868 1
0 0 1.16047 481
0 0 1.16052 591
0 0 1.16138 350
0 0 1.16451 304
0 0 1.16453 670
0 0 1.16813 59
0 0 1.16848 28
1 1.03967 1.17067 154-353
1 1.0273 1.17131 689-884
0 0 1.17267 136
0 0 1.17352 79
0 0 1.17725 438
0 0 1.17763 16
0 0 1.18083 63
0 0 1.18136 810
0 0 1.18391 248
0 0 1.18505 47
0 0 1.18541 100
0 0 1.1856 509
0 0 1.1863 832
0 0 1.18924 783
0 0 1.18939 507
0 0 1.19078 419
0 0 1.1919 489
0 0 1.19308 39
0 0 1.19373 206
0 0 1.19442 161
0 0 1.19565 491
0 0 1.19702 5
0 0 1.20178 185
0 0 1.20194 54
0 0 1.20326 76
0 0 1.20528 480
1 0.873758 1.20673 751-879
0 0 1.20686 60
0 0 1.21271 32
0 0 1.21353 139
0 0 1.21486 722
0 0 1.21674 97
0 0 1.21754 15
0 0 1.22195 662
0 0 1.22263 359
0 0 1.22507 224
0 0 1.22574 251
0 0 1.22871 81
0 0 1.22906 673
0 0 1.22984 801
0 0 1.23003 446
0 0 1.23315 621
0 0 1.23435 885
0 0 1.2397 174
0 0 1.23972 671
0 0 1.24073 778
0 0 1.2418 567
1 1.17561 1.24249 373-782
0 0 1.24315 6
0 0 1.2447 257
0 0 1.24571 905
0 0 1.2502 951
0 0 1.25084 823
0 0 1.25258 130
0 0 1.25741 447
0 0 1.25856 811
0 0 1.2589 289
0 0 1.26083 471
0 0 1.26097 109
0 0 1.26206 53
0 0 1.26423 57
0 0 1.26733 285
0 0 1.26805 215
0 0 1.26925 498
0 0 1.27173 46
0 0 1.27309 873
0 0 1.27427 227
0 0 1.27481 887
0 0 1.27549 56
0 0 1.27669 301
0 0 1.28248 178
0 0 1.28479 44
0 0 1.28494 922
0 0 1.28581 959
0 0 1.29348 551
0 0 1.29624 909
0 0 1.29787 431
0 0 1.29833 699
0 0 1.29967 510
0 0 1.30107 137
0 0 1.30136 209
0 0 1.30605 398
1 1.17403 1.30806 682-919
0 0 1.31092 416
0 0 1.31231 545
0 0 1.31329 98
0 0 1.31562 505
0 0 1.31907 41
0 0 1.32284 68
0 0 1.32987 234
0 0 1.33099 149
1 1.28005 1.33185 136-463
0 0 1.33378 557
1 1.10403 1.33617 814-917
0 0 1.33709 69
0 0 1.33713 52
0 0 1.3375 852
0 0 1.33902 704
0 0 1.34168 537
0 0 1.34181 104
0 0 1.34207 211
0 0 1.34264 315
0 0 1.34279 773
0 0 1.34585 208
0 0 1.34711 112
0 0 1.34902 352
0 0 1.35029 237
1 1.10663 1.3507 368-477
1 1.30228 1.35401 151-807
0 0 1.35565 14
0 0 1.35914 43
0 0 1.35955 22
0 0 1.36062 331
0 0 1.36084 2
0 0 1.36109 7
0 0 1.36386 200
0 0 1.36403 637
1 1.36445 8.5 737-761
0 0 1.36459 274
0 0 1.36568 706
0 0 1.36604 513
0 0 1.36686 445
0 0 1.36698 150
0 0 1.367 684
0 0 1.36841 203
0 0 1.3692 848
0 0 1.37004 110
0 0 1.37076 115
0 0 1.37297 249
0 0 1.37731 230
0 0 1.37939 382
0 0 1.37991 611
0 0 1.38525 411
0 0 1.38906 220
0 0 1.38968 82
0 0 1.39114 121
0 0 1.39305 148
0 0 1.39474 550
0 0 1.39819 25
1 1.09324 1.40544 366-911
0 0 1.40585 625
0 0 1.40645 626
0 0 1.4091 452
0 0 1.41029 325
0 0 1.41701 292
0 0 1.41993 462
0 0 1.42092 544
0 0 1.42323 156
0 0 1.42765 980
0 0 1.42836 346
0 0 1.42923 194
0 0 1.4304 91
0 0 1.4315 409
0 0 1.43165 476
0 0 1.43734 146
0 0 1.43832 231
0 0 1.4437 36
0 0 1.44472 217
1 1.29561 1.44751 831-952
0 0 1.448 120
1 1.27598 1.44837 78-83
0 0 1.45889 108
0 0 1.46064 525
1 1.33602 1.46096 655-739
0 0 1.46266 397
0 0 1.46332 934
0 0 1.46932 601
0 0 1.47188 314
0 0 1.47739 798
1 1.21985 1.47972 574-630
0 0 1.48003 427
0 0 1.48388 173
0 0 1.48495 133
0 0 1.48511 93
0 0 1.48804 42
0 0 1.49057 30
0 0 1.4909 277
0 0 1.50048 10
0 0 1.50251 443
0 0 1.50268 4
0 0 1.50609 225
0 0 1.50749 38
1 1.45409 1.51118 215-885
0 0 1.51243 322
0 0 1.52138 532
0 0 1.5223 945
0 0 1.52324 957
0 0 1.52669 145
0 0 1.52697 87
0 0 1.53387 13
0 0 1.53417 604
0 0 1.53845 479
1 1.37002 1.54264 83-624
0 0 1.54268 23
0 0 1.54349 264
1 1.40111 1.5445 327-728
0 0 1.54615 302
0 0 1.54817 64
0 0 1.55241 329
0 0 1.55343 456
0 0 1.55736 472
0 0 1.55755 95
0 0 1.56262 35
0 0 1.56698 262
0 0 1.56921 141
0 0 1.56992 775
0 0 1.57649 953
1 1.4246 1.57687 740-808
0 0 1.5809 17
1 1.33652 1.5821 57-584
0 0 1.58518 172
1 1.26197 1.58553 86-480
1 1.36157 1.5897 273-714
1 1.43283 1.59004 238-735
0 0 1.59345 263
0 0 1.59518 182
1 1.28923 1.59662 319-838
1 1.31331 1.5999 88-865
0 0 1.61101 166
0 0 1.61173 66
0 0 1.61272 228
0 0 1.61273 189
0 0 1.61367 92
1 1.55137 1.61407 30-227
0 0 1.61476 219
0 0 1.61906 65
0 0 1.61974 434
0 0 1.6202 9
1 1.36767 1.62287 475-631
1 1.38782 1.62622 666-754
0 0 1.62769 19
0 0 1.62789 187
0 0 1.62893 250
0 0 1.6357 119
1 1.56214 1.63608 124-243
0 0 1.64287 134
0 0 1.64813 271
0 0 1.65669 86
1 1.57742 1.66026 588-866
0 0 1.66157 515
1 1.26098 1.66932 151-665
1 1.67129 8.5 443-674
1 1.38877 1.67205 689-741
0 0 1.67899 890
1 1.57829 1.68074 500-745
0 0 1.68162 62
1 1.52496 1.69361 399-656
0 0 1.7024 157
1 1.34681 1.7146 126-740
0 0 1.71877 991
1 1.16513 1.73163 827-828
0 0 1.733 184
0 0 1.73672 159
0 0 1.73788 323
1 1.6414 1.73928 365-855
0 0 1.74268 167
0 0 1.7453 164
0 0 1.75161 214
0 0 1.75231 862
1 1.55026 1.75282 332-917
1 1.21986 1.7534 355-912
0 0 1.76287 50
0 0 1.77401 236
0 0 1.77429 168
1 1.33522 1.77465 54-887
0 0 1.77833 546
0 0 1.7883 404
1 1.39689 1.79118 276-959
0 0 1.80666 12
1 1.75341 1.81454 640-778
0 0 1.8186 163
1 1.60989 1.82349 332-428
0 0 1.82753 26
1 1.53551 1.83719 150-604
0 0 1.84819 29
1 1.79197 1.85231 626-967
0 0 1.85545 593
0 0 1.85656 218
0 0 1.85932 34
1 1.68014 1.86052 127-391
1 1.52595 1.86133 355-959
0 0 1.87944 186
1 1.74836 1.88178 185-340
1 1.58581 1.88482 428-614
1 1.74804 1.88744 517-975
0 0 1.89417 107
1 1.48961 1.9037 210-333
1 1.28953 1.90785 420-731
1 1.71109 1.91632 187-401
0 0 1.91633 296
1 1.84084 1.92034 358-420
0 0 1.92415 529
0 0 1.92452 256
1 1.1858 1.9262 294-428
0 0 1.93561 303
1 1.82537 1.93599 165-953
0 0 1.93846 3
0 0 1.94059 58
1 1.40172 1.94139 116-577
1 1.37227 1.94453 294-638
1 1.2217 1.94774 412-686
1 1.90159 1.95487 189-263
0 0 1.9667 229
1 1.58036 1.97749 442-653
1 1.19571 1.97768 136-784
1 1.76703 1.98544 199-249
0 0 2.0013 144
1 1.52522 2.00649 621-773
1 1.70265 2.02139 149-925
1 1.72735 2.02327 94-440
1 1.37911 2.02512 567-873
1 1.97099 2.04894 201-734
1 1.7267 2.04982 603-817
1 1.81711 2.05305 283-644
1 1.34132 2.05344 126-607
0 0 2.08172 840
1 1.96991 2.08315 246-626
1 2.04905 2.12913 4-214
1 1.48986 2.14193 599-777
1 1.79417 2.14427 431-936
1 1.63681 2.14847 67-238
1 1.80965 2.15225 109-221
1 1.54398 2.1637 161-625
1 1.84175 2.1695 28-98
1 2.12406 2.18353 87-104
1 1.98507 2.18784 314-316
0 0 2.19848 317
1 1.71421 2.20196 191-635
1 1.88666 2.21638 134-812
1 1.98708 2.21828 658-871
0 0 2.22295 61
1 1.86659 2.26102 422-892
1 1.30816 2.27494 841-936
1 1.49138 2.27616 45-877
1 1.74069 2.27753 346-946
1 1.52199 2.27815 473-702
1 2.1443 2.28521 50-184
1 2.03932 2.29254 525-736
1 1.54231 2.29816 555-794
1 1.9235 2.30148 138-322
1 2.25525 2.31321 143-789
1 2.2311 2.31623 1-432
0 0 2.31871 845
1 1.6727 2.33464 187-244
1 1.83033 2.34506 348-611
1 2.22196 2.3581 593-809
1 1.68217 2.36613 211-943
1 2.16899 2.3702 231-682
1 1.57522 2.37403 555-720
1 2.221 2.37737 253-405
1 1.97923 2.42061 436-663
1 2.25599 2.42673 189-969
1 2.34177 2.43832 741-970
1 1.66129 2.4438 753-822
1 1.89712 2.45046 159-722
1 1.54759 2.46637 568-600
1 1.61299 2.46819 626-953
1 1.51668 2.48708 930-934
1 2.30651 2.49511 915-922
1 1.74119 2.51225 30-960
1 2.31168 2.52438 80-664
1 1.7805 2.52833 202-310
1 1.7751 2.52914 299-491
1 2.05744 2.53977 743-778
1 2.14694 2.54613 261-482
1 2.35762 2.55166 251-557
1 1.69448 2.55448 392-671
1 2.01246 2.55608 95-753
1 2.18006 2.55617 524-805
1 1.92817 2.56296 237-743
1 2.43785 2.57098 35-245
1 1.71788 2.58405 413-860
1 2.32438 2.58481 452-831
1 1.5559 2.59287 38-352
1 2.33877 2.59368 272-759
1 1.7386 2.61571 13-923
1 1.67141 2.61832 652-850
1 2.36071 2.62 164-524
1 2.49609 2.63117 270-950
1 2.201 2.64586 369-601
1 2.56196 2.64633 262-434
1 2.49712 2.65287 302-779
1 2.39391 2.66773 632-921
1 1.9562 2.6754 4-843
1 2.41102 2.69486 76-229
1 2.00418 2.69695 462-585
1 1.45349 2.70151 43-91
1 1.8977 2.71083 164-864
1 2.03667 2.72644 248-385
1 1.71552 2.74911 220-775
1 2.61042 2.75144 513-957
1 2.6376 2.76845 236-954
1 2.21861 2.77102 190-861
1 2.4698 2.77661 307-945
1 1.91024 2.79738 274-405
1 2.4911 2.79904 280-462
1 2.60269 2.80562 61-488
1 2.63836 2.80703 468-629
1 1.81036 2.83165 96-289
1 2.19718 2.83198 225-848
1 2.48141 2.84357 187-839
1 2.00947 2.84807 90-447
1 1.5987 2.87673 130-414
1 2.58525 2.89042 217-416
1 2.45382 2.90753 87-998
1 1.6611 2.90887 359-837
1 2.24888 2.91265 115-934
1 1.98754 2.91782 200-296
1 2.45127 2.91949 290-916
1 2.23492 2.93093 290-340
1 2.02224 2.93433 313-416
1 2.82273 2.94103 352-706
1 1.96494 2.94468 7-398
1 1.93875 2.95957 397-798
1 1.95953 2.96451 58-715
1 2.34453 2.97055 145-228
1 1.7827 2.99794 184-980
1 2.86568 3.013 317-699
1 2.51958 3.02211 451-547
1 2.94523 3.02309 290-656
1 2.02098 3.037 646-796
1 2.78062 3.04297 101-904
1 2.66084 3.0446 191-935
1 2.22719 3.05064 214-945
1 2.64934 3.05832 298-836
1 1.67772 3.07501 234-915
1 2.8903 3.10115 935-965
1 2.51955 3.10392 217-529
1 2.86869 3.10981 218-681
1 2.65028 3.11679 313-529
1 2.00282 3.14419 611-634
1 2.42053 3.17876 159-320
1 2.93244 3.18494 601-766
1 2.82028 3.18619 323-845
1 1.58761 3.19562 314-908
1 2.73861 3.20038 285-991
1 2.46118 3.20086 337-550
1 2.1485 3.20278 472-497
1 2.17918 3.22006 129-926
1 1.41175 3.24925 69-523
1 1.69373 3.25221 671-986
1 1.93582 3.25386 466-980
1 2.4065 3.25899 156-456
1 2.55984 3.26621 434-550
1 2.12426 3.35554 161-902
1 2.35022 3.36914 301-683
1 1.93487 3.37357 287-981
1 1.80254 3.41329 168-608
1 1.67114 3.45563 170-194
1 1.7562 3.45967 133-304
1 2.76129 3.47467 862-991
1 1.86392 3.47589 701-833
1 2.22484 3.51875 357-840
1 3.36017 3.52747 382-885
1 1.75581 3.57427 676-981
1 2.58371 3.58805 387-954
1 2.29575 3.59531 504-991
1 2.1359 3.63428 206-452
1 1.75544 3.8303 203-985
1 3.08826 3.83423 125-840
1 2.23782 3.87002 12-747
1 2.61478 3.94654 781-803
1 2.11573 3.94883 265-765
1 3.45607 3.9618 10-229
1 3.20906 4.01014 256-336
1 1.79573 4.02043 262-801
1 2.14365 4.04757 243-593
2 3.97772 4.10222 162-747-865
1 2.4411 4.15194 505-944
1 2.00255 4.18632 394-716
1 3.49809 4.2653 769-845
1 2.42192 4.37609 457-699
1 3.71334 4.62187 326-984
1 1.98557 4.65754 163-706
1 1.74837 4.8866 92-450
2 5.33282 8.5 393-756-862
