0 0 8.5 0
0 0 0.0714445 286
0 0 0.0831123 417
0 0 0.099707 648
0 0 0.102434 627
0 0 0.102942 612
0 0 0.107375 535
0 0 0.121673 753
0 0 0.125617 961
0 0 0.127539 441
0 0 0.12973 994
0 0 0.130557 771
0 0 0.132884 974
0 0 0.134465 827
0 0 0.135137 573
0 0 0.138494 693
0 0 0.145964 336
0 0 0.146441 320
0 0 0.14752 982
0 0 0.147916 560
0 0 0.153321 677
0 0 0.159068 177
0 0 0.166687 457
0 0 0.168358 717
0 0 0.168757 829
0 0 0.171761 883
0 0 0.174933 844
0 0 0.175535 963
0 0 0.179335 906
0 0 0.182701 935
0 0 0.189956 565
0 0 0.193701 863
0 0 0.202079 371
0 0 0.202645 700
0 0 0.20293 769
0 0 0.206729 628
0 0 0.209884 669
0 0 0.212654 655
0 0 0.214617 618
0 0 0.216008 822
0 0 0.220411 857
0 0 0.222111 395
0 0 0.22446 972
0 0 0.228305 733
0 0 0.232289 834
0 0 0.243235 838
0 0 0.245047 365
0 0 0.248567 89
0 0 0.249077 226
0 0 0.249218 594
0 0 0.251473 767
0 0 0.251799 265
0 0 0.25308 732
0 0 0.261656 735
0 0 0.262267 816
0 0 0.263977 123
0 0 0.264702 354
0 0 0.265414 422
0 0 0.265742 855
0 0 0.266606 826
0 0 0.272788 260
0 0 0.27394 879
0 0 0.275649 967
0 0 0.276069 940
0 0 0.277852 385
0 0 0.279079 939
0 0 0.279485 645
0 0 0.279812 386
0 0 0.280278 492
0 0 0.281121 668
0 0 0.286047 989
0 0 0.287195 746
0 0 0.287196 678
0 0 0.287746 559
0 0 0.289469 51
0 0 0.289882 495
0 0 0.29332 542
0 0 0.294468 644
0 0 0.297916 860
0 0 0.299135 620
0 0 0.300731 978
0 0 0.303257 461
0 0 0.308154 973
0 0 0.31125 661
0 0 0.312457 894
0 0 0.314397 641
0 0 0.316216 564
0 0 0.31848 664
0 0 0.318818 375
0 0 0.325864 785
0 0 0.327369 473
0 0 0.327913 983
0 0 0.3289 901
0 0 0.332866 634
0 0 0.332917 267
0 0 0.334552 938
0 0 0.335331 947
0 0 0.340389 696
0 0 0.34178 334
0 0 0.343663 335
0 0 0.344075 763
0 0 0.344604 547
0 0 0.345113 724
0 0 0.345198 768
0 0 0.346861 997
0 0 0.350065 870
0 0 0.350338 204
0 0 0.355269 566
0 0 0.356945 278
0 0 0.358385 342
0 0 0.359341 930
0 0 0.359529 521
0 0 0.360078 872
0 0 0.361311 563
0 0 0.362812 482
0 0 0.366591 956
0 0 0.368116 530
0 0 0.368264 376
0 0 0.368611 531
0 0 0.37412 617
0 0 0.375566 839
0 0 0.383169 703
0 0 0.388458 808
0 0 0.388948 175
0 0 0.393534 819
0 0 0.394209 519
0 0 0.396998 469
0 0 0.398311 943
0 0 0.401178 361
0 0 0.401283 613
0 0 0.403681 623
0 0 0.408307 987
0 0 0.413973 596
0 0 0.416358 408
0 0 0.417983 633
0 0 0.418489 927
0 0 0.420686 803
0 0 0.420894 861
0 0 0.421148 630
0 0 0.421671 496
0 0 0.42225 624
0 0 0.424093 418
0 0 0.426602 399
0 0 0.429257 902
0 0 0.431269 158
0 0 0.431661 730
0 0 0.433497 804
0 0 0.437595 306
0 0 0.441637 588
0 0 0.441821 990
0 0 0.441941 603
0 0 0.443411 718
0 0 0.445987 615
0 0 0.447058 727
0 0 0.447852 788
0 0 0.448853 723
0 0 0.449097 988
0 0 0.449858 802
0 0 0.451183 882
0 0 0.452015 713
0 0 0.455515 307
0 0 0.455615 562
0 0 0.456324 643
0 0 0.457928 459
0 0 0.458815 232
0 0 0.460376 650
0 0 0.460882 899
0 0 0.461248 653
0 0 0.464672 916
0 0 0.466267 454
0 0 0.470854 646
0 0 0.472921 715
0 0 0.47389 111
0 0 0.474205 356
0 0 0.476244 782
0 0 0.477009 847
0 0 0.478225 932
0 0 0.480753 931
0 0 0.482158 795
0 0 0.483414 587
0 0 0.483566 806
0 0 0.483649 347
0 0 0.483934 774
0 0 0.485427 797
0 0 0.485447 508
0 0 0.486005 754
0 0 0.487936 619
0 0 0.488387 739
0 0 0.489239 470
0 0 0.489409 585
0 0 0.491 708
0 0 0.494604 516
0 0 0.494737 836
0 0 0.496653 818
0 0 0.4973 719
0 0 0.498796 886
0 0 0.499668 70
0 0 0.499746 743
0 0 0.50037 950
0 0 0.502932 244
0 0 0.502994 649
0 0 0.503269 749
0 0 0.50551 440
0 0 0.50648 153
0 0 0.510292 358
0 0 0.51111 910
0 0 0.511481 349
0 0 0.513016 638
0 0 0.514903 907
0 0 0.514921 824
0 0 0.515256 254
0 0 0.515624 962
0 0 0.516892 387
0 0 0.518248 881
0 0 0.518771 880
0 0 0.519328 288
0 0 0.520673 465
0 0 0.526384 694
0 0 0.527229 414
0 0 0.528762 33
0 0 0.529114 37
0 0 0.531071 888
0 0 0.532071 524
0 0 0.532315 556
0 0 0.532389 364
0 0 0.532752 675
0 0 0.532772 780
0 0 0.534679 135
0 0 0.535878 581
0 0 0.536477 766
0 0 0.540188 647
0 0 0.540515 687
0 0 0.543431 272
0 0 0.543855 583
0 0 0.544818 74
0 0 0.545205 750
0 0 0.545873 698
0 0 0.545985 864
0 0 0.546981 941
0 0 0.547895 608
0 0 0.548566 474
0 0 0.549797 569
0 0 0.549963 936
0 0 0.550187 949
0 0 0.553174 383
0 0 0.553188 692
0 0 0.553677 327
0 0 0.555936 357
0 0 0.5568 451
0 0 0.556808 741
0 0 0.557642 695
0 0 0.562162 854
0 0 0.562732 933
0 0 0.56434 103
0 0 0.565072 179
0 0 0.565288 711
0 0 0.568212 575
0 0 0.568242 877
0 0 0.569716 674
0 0 0.57182 964
0 0 0.572183 348
0 0 0.573653 786
0 0 0.574622 660
0 0 0.575155 503
0 0 0.578569 865
0 0 0.578855 975
0 0 0.579702 686
0 0 0.58315 837
0 0 0.584296 543
0 0 0.586829 884
0 0 0.588605 759
0 0 0.591253 554
0 0 0.591337 893
0 0 0.594168 415
0 0 0.595545 799
0 0 0.596114 269
0 0 0.596946 425
0 0 0.597474 794
0 0 0.599012 239
0 0 0.601645 213
0 0 0.602818 297
0 0 0.604321 394
0 0 0.604434 913
0 0 0.605472 147
0 0 0.611628 393
0 0 0.612603 721
0 0 0.61543 590
0 0 0.616402 657
0 0 0.616752 363
0 0 0.617706 500
0 0 0.619136 960
0 0 0.619563 410
0 0 0.623729 833
0 0 0.624405 659
0 0 0.625436 752
0 0 0.626952 501
0 0 0.627805 790
0 0 0.62781 238
0 0 0.628455 635
0 0 0.628899 40
0 0 0.629209 80
0 0 0.629219 439
0 0 0.629925 762
0 0 0.630929 820
0 0 0.6311 374
0 0 0.631296 487
0 0 0.631683 748
0 0 0.632573 744
0 0 0.632841 131
0 0 0.633438 485
0 0 0.634218 895
0 0 0.634856 622
0 0 0.635878 279
0 0 0.636312 245
0 0 0.6381 504
0 0 0.64011 549
0 0 0.64093 370
0 0 0.641188 526
0 0 0.641237 555
0 0 0.645501 580
0 0 0.645646 764
0 0 0.646235 192
0 0 0.647485 381
0 0 0.647591 784
0 0 0.648165 781
0 0 0.648861 275
0 0 0.652071 96
0 0 0.652495 242
0 0 0.653302 351
0 0 0.653332 295
0 0 0.654015 595
0 0 0.654184 821
0 0 0.655648 373
0 0 0.656719 685
0 0 0.656757 918
0 0 0.657492 183
0 0 0.658852 477
0 0 0.659141 731
0 0 0.660941 450
0 0 0.663073 255
0 0 0.663419 636
0 0 0.663774 998
0 0 0.664278 791
0 0 0.664452 683
0 0 0.664638 842
0 0 0.665036 789
0 0 0.666915 609
0 0 0.667717 497
0 0 0.667823 878
0 0 0.668308 577
0 0 0.669606 435
0 0 0.670559 929
0 0 0.671679 610
0 0 0.672214 309
0 0 0.673332 312
0 0 0.674418 558
0 0 0.680316 258
0 0 0.681909 756
0 0 0.682208 705
0 0 0.682844 475
0 0 0.683188 958
0 0 0.687052 584
0 0 0.687543 710
0 0 0.687982 571
0 0 0.688802 101
0 0 0.689218 914
0 0 0.691876 737
0 0 0.692817 444
0 0 0.695167 293
0 0 0.700233 534
0 0 0.705948 463
0 0 0.706116 165
0 0 0.706321 511
0 0 0.706814 458
0 0 0.708598 770
0 0 0.709448 642
0 0 0.709907 389
0 0 0.710143 851
0 0 0.711608 233
0 0 0.712223 765
0 0 0.713212 572
0 0 0.713389 316
0 0 0.71352 276
0 0 0.714353 128
0 0 0.714446 533
0 0 0.717248 169
0 0 0.717535 740
0 0 0.717745 726
0 0 0.718107 483
0 0 0.718286 712
0 0 0.718292 891
0 0 0.718421 390
0 0 0.71937 919
0 0 0.719401 486
0 0 0.71952 716
0 0 0.72065 903
0 0 0.721061 992
0 0 0.721433 923
0 0 0.722714 360
0 0 0.72309 235
0 0 0.725036 807
0 0 0.725504 676
0 0 0.726529 579
0 0 0.726592 170
0 0 0.727747 639
0 0 0.728744 640
0 0 0.729408 466
0 0 0.731629 207
0 0 0.732199 494
0 0 0.732438 900
0 0 0.732676 578
0 0 0.732709 433
0 0 0.734733 734
0 0 0.734768 904
0 0 0.737054 506
0 0 0.739585 915
0 0 0.740732 843
0 0 0.741138 321
0 0 0.741484 369
0 0 0.742886 402
0 0 0.74462 27
0 0 0.744938 682
0 0 0.747193 324
0 0 0.74801 747
0 0 0.748149 830
0 0 0.749161 793
0 0 0.749666 125
0 0 0.753035 702
0 0 0.754503 607
0 0 0.75489 552
0 0 0.75623 812
0 0 0.756753 800
0 0 0.758274 201
0 0 0.760357 850
0 0 0.760811 83
0 0 0.760816 284
0 0 0.761768 867
0 0 0.761996 407
0 0 0.762144 548
0 0 0.76402 527
0 0 0.764353 273
0 0 0.764831 424
0 0 0.766937 616
0 0 0.767369 681
0 0 0.767801 512
0 0 0.769136 598
0 0 0.769506 343
0 0 0.772971 779
0 0 0.773449 71
0 0 0.774048 212
0 0 0.776442 920
0 0 0.777223 308
0 0 0.779522 875
0 0 0.780187 437
0 0 0.780235 129
0 0 0.78192 311
0 0 0.783596 310
0 0 0.786677 937
0 0 0.787581 751
0 0 0.792629 430
0 0 0.793476 672
0 0 0.793921 898
0 0 0.797946 197
0 0 0.799822 193
0 0 0.802614 853
0 0 0.802674 553
0 0 0.803965 605
0 0 0.805776 955
0 0 0.813899 874
0 0 0.816069 709
0 0 0.817134 856
0 0 0.819841 266
0 0 0.820581 828
0 0 0.821847 701
0 0 0.823007 155
0 0 0.823757 574
0 0 0.82653 944
0 0 0.828033 287
0 0 0.829486 122
0 0 0.829877 869
0 0 0.832005 423
0 0 0.83262 969
0 0 0.833854 707
0 0 0.834768 291
0 0 0.835113 280
0 0 0.835739 996
0 0 0.835776 436
0 0 0.839326 319
0 0 0.840396 117
0 0 0.841205 380
0 0 0.841281 651
0 0 0.841374 993
0 0 0.845699 965
0 0 0.846052 536
0 0 0.846198 942
0 0 0.848013 326
0 0 0.852183 859
0 0 0.852612 105
0 0 0.855438 809
0 0 0.856052 24
0 0 0.856181 339
0 0 0.856679 127
0 0 0.857621 84
0 0 0.858468 582
0 0 0.858915 426
0 0 0.859494 738
0 0 0.861976 679
0 0 0.862162 813
0 0 0.863222 815
0 0 0.864001 190
0 0 0.864095 841
0 0 0.865021 632
0 0 0.866338 777
0 0 0.866757 897
0 0 0.868286 745
0 0 0.870479 966
0 0 0.874237 540
0 0 0.87738 502
0 0 0.877474 986
0 0 0.880963 396
0 0 0.881081 259
0 0 0.884759 366
0 0 0.885108 246
0 0 0.885373 656
0 0 0.887963 484
0 0 0.888139 725
0 0 0.88981 191
0 0 0.891875 429
0 0 0.892338 305
0 0 0.893202 728
0 0 0.896108 631
0 0 0.899492 846
0 0 0.90142 892
0 0 0.904612 455
0 0 0.905787 970
0 0 0.908242 977
0 0 0.908669 126
0 0 0.908918 589
0 0 0.909824 866
0 0 0.909888 597
0 0 0.910423 689
0 0 0.911277 787
0 0 0.913907 814
0 0 0.917877 835
0 0 0.922101 514
0 0 0.924215 871
0 0 0.925239 758
0 0 0.926879 849
0 0 0.926992 561
0 0 0.927146 124
0 0 0.928054 467
0 0 0.928576 240
0 0 0.929401 761
0 0 0.929968 391
0 0 0.93154 858
0 0 0.935293 928
0 0 0.935866 568
0 0 0.935984 490
0 0 0.936057 252
0 0 0.936263 772
0 0 0.938123 362
0 0 0.939403 464
0 0 0.939826 132
0 0 0.940698 340
0 0 0.941631 328
0 0 0.941999 379
0 0 0.943008 952
0 0 0.944549 499
0 0 0.945024 614
0 0 0.948486 268
0 0 0.950122 180
1 0.84592 0.950424 312-461
0 0 0.952539 697
0 0 0.953745 999
0 0 0.953997 290
0 0 0.955014 353
0 0 0.95641 911
0 0 0.956749 995
0 0 0.959627 896
0 0 0.962165 570
0 0 0.962938 948
0 0 0.963452 403
0 0 0.964117 654
0 0 0.964397 152
0 0 0.965542 629
0 0 0.966886 428
0 0 0.969109 926
0 0 0.969351 413
0 0 0.970549 377
0 0 0.970627 283
0 0 0.971184 21
0 0 0.97141 592
0 0 0.97149 667
0 0 0.971579 876
0 0 0.971846 688
0 0 0.97365 665
0 0 0.973695 181
0 0 0.974012 384
0 0 0.974218 406
1 0.89694 0.976075 826-940
0 0 0.976143 45
0 0 0.976428 921
0 0 0.977834 460
0 0 0.978218 868
0 0 0.979294 282
0 0 0.981567 729
0 0 0.981753 917
0 0 0.984016 151
0 0 0.984943 539
0 0 0.987109 368
0 0 0.987999 405
0 0 0.988426 493
0 0 0.991822 154
0 0 0.991938 113
0 0 0.99233 171
0 0 0.993041 742
0 0 0.993276 817
0 0 0.995377 690
0 0 0.996127 313
0 0 0.996227 528
0 0 0.998254 757
0 0 0.999597 216
0 0 1.00214 760
0 0 1.00395 330
0 0 1.00653 606
0 0 1.00767 541
0 0 1.00813 221
0 0 1.00859 954
0 0 1.00893 241
0 0 1.00925 796
0 0 1.01065 11
0 0 1.0137 976
0 0 1.01396 300
0 0 1.01477 222
0 0 1.01513 77
0 0 1.01653 912
0 0 1.01723 576
0 0 1.0174 281
0 0 1.01984 825
0 0 1.01993 388
0 0 1.02153 453
0 0 1.02327 198
0 0 1.025 666
0 0 1.02566 253
0 0 1.02667 55
0 0 1.02799 602
0 0 1.02984 979
0 0 1.03117 720
0 0 1.03135 298
0 0 1.03184 85
0 0 1.03269 99
0 0 1.03475 116
0 0 1.03733 805
0 0 1.03894 202
0 0 1.03908 67
0 0 1.04068 88
0 0 1.04265 114
0 0 1.04271 442
0 0 1.04292 160
0 0 1.04431 599
0 0 1.04449 118
0 0 1.04518 586
0 0 1.04601 971
0 0 1.04602 908
0 0 1.04663 270
0 0 1.0467 318
0 0 1.05039 195
0 0 1.05096 196
0 0 1.05096 401
0 0 1.05139 925
0 0 1.05197 199
0 0 1.05216 106
0 0 1.0529 299
0 0 1.05312 294
0 0 1.0556 223
0 0 1.05641 72
0 0 1.05676 378
0 0 1.05759 94
0 0 1.05774 924
1 1.0079 1.05798 396-564
0 0 1.06002 691
0 0 1.06279 792
0 0 1.0628 985
0 0 1.06537 520
0 0 1.06648 75
0 0 1.0665 680
0 0 1.06663 755
0 0 1.06703 90
0 0 1.06708 736
0 0 1.0673 968
0 0 1.06826 400
0 0 1.06953 140
0 0 1.07055 355
0 0 1.07595 421
0 0 1.07704 449
0 0 1.07915 478
0 0 1.07936 468
0 0 1.07979 48
0 0 1.08006 538
0 0 1.0806 73
0 0 1.0831 600
0 0 1.08394 372
0 0 1.08426 338
0 0 1.08461 448
0 0 1.08523 344
0 0 1.08523 658
0 0 1.08626 984
0 0 1.09104 523
0 0 1.09315 205
0 0 1.09419 20
0 0 1.09521 337
0 0 1.09723 518
0 0 1.10105 946
0 0 1.10198 367
0 0 1.1029 517
0 0 1.10496 481
0 0 1.10898 663
0 0 1.10907 981
0 0 1.1097 831
0 0 1.1104 412
0 0 1.11202 333
0 0 1.11471 8
0 0 1.11699 670
0 0 1.1171 18
0 0 1.11835 185
0 0 1.11938 136
0 0 1.11981 162
0 0 1.12121 138
0 0 1.12202 188
0 0 1.12234 488
0 0 1.12617 31
0 0 1.12694 345
0 0 1.12897 392
0 0 1.1316 652
0 0 1.13166 176
0 0 1.1321 341
0 0 1.13326 142
0 0 1.13518 247
0 0 1.13554 432
0 0 1.13617 591
0 0 1.13807 161
1 1.06295 1.13907 273-403
0 0 1.14095 16
0 0 1.14245 49
0 0 1.14399 59
0 0 1.14565 210
0 0 1.15243 47
0 0 1.15301 889
0 0 1.15377 79
0 0 1.15746 491
0 0 1.15803 522
0 0 1.16808 419
0 0 1.16832 1
0 0 1.16954 489
0 0 1.17022 350
0 0 1.17407 776
0 0 1.17446 507
0 0 1.17464 78
0 0 1.17544 304
0 0 1.17547 480
0 0 1.17642 832
0 0 1.1777 801
0 0 1.17846 206
0 0 1.17923 243
0 0 1.18016 714
0 0 1.18032 509
0 0 1.18094 54
0 0 1.1838 28
0 0 1.18462 100
1 1.09588 1.18573 154-353
0 0 1.18581 420
0 0 1.18784 5
0 0 1.19115 810
0 0 1.19157 261
0 0 1.19245 102
0 0 1.19281 438
0 0 1.19375 248
0 0 1.195 662
0 0 1.19581 39
0 0 1.19601 224
0 0 1.1971 257
1 1.05591 1.19754 689-884
0 0 1.1989 471
0 0 1.20136 44
0 0 1.20195 143
0 0 1.20368 722
0 0 1.20636 671
0 0 1.20866 332
0 0 1.20905 81
0 0 1.21046 446
0 0 1.21093 32
0 0 1.21303 15
0 0 1.21386 811
0 0 1.21641 783
0 0 1.21755 63
0 0 1.21797 76
0 0 1.21957 359
0 0 1.23132 885
0 0 1.23206 673
0 0 1.23305 567
0 0 1.23661 778
0 0 1.23818 130
0 0 1.23827 251
0 0 1.23958 289
0 0 1.24084 97
0 0 1.24551 46
1 0.92584 1.2483 751-879
0 0 1.2495 215
0 0 1.25012 60
0 0 1.25169 951
0 0 1.25489 382
1 1.1777 1.25506 373-782
0 0 1.25808 959
0 0 1.26406 227
0 0 1.26621 447
0 0 1.26864 621
0 0 1.27006 139
0 0 1.27137 57
0 0 1.27211 887
0 0 1.2736 416
0 0 1.27513 699
0 0 1.27555 109
0 0 1.27571 510
0 0 1.27571 98
0 0 1.27823 285
0 0 1.28543 398
0 0 1.28983 6
0 0 1.29147 53
0 0 1.29148 174
0 0 1.29159 823
0 0 1.29197 773
0 0 1.29232 56
0 0 1.29598 551
0 0 1.29901 873
0 0 1.30162 498
1 1.08135 1.30262 814-917
1 1.13696 1.30268 682-919
0 0 1.30464 209
0 0 1.30959 301
0 0 1.31168 41
0 0 1.31304 557
0 0 1.31369 545
0 0 1.31562 230
0 0 1.31597 905
0 0 1.31771 234
0 0 1.32058 137
0 0 1.32439 431
0 0 1.3265 684
0 0 1.32697 104
0 0 1.32715 68
1 1.2461 1.32803 136-463
0 0 1.32847 22
0 0 1.32978 704
0 0 1.33036 69
0 0 1.3351 178
0 0 1.34006 852
0 0 1.34034 220
0 0 1.34347 505
0 0 1.34961 211
0 0 1.35066 14
0 0 1.35125 315
0 0 1.35364 112
0 0 1.35504 52
0 0 1.35576 237
0 0 1.3585 2
0 0 1.35884 452
0 0 1.36039 149
0 0 1.36065 352
0 0 1.36084 274
0 0 1.36242 909
0 0 1.36693 537
0 0 1.3682 445
0 0 1.36841 249
0 0 1.37088 110
1 1.06263 1.3728 459-503
0 0 1.37409 411
0 0 1.37463 43
1 1.2926 1.37695 519-774
0 0 1.3781 203
0 0 1.37821 7
0 0 1.38144 922
0 0 1.3819 848
0 0 1.38426 82
0 0 1.39052 150
0 0 1.39145 200
0 0 1.39165 625
0 0 1.3934 331
0 0 1.39527 550
0 0 1.3983 637
1 1.39891 8.5 895-979
0 0 1.40119 208
0 0 1.40362 706
1 1.34923 1.41308 258-884
0 0 1.41472 626
0 0 1.41517 194
0 0 1.41652 601
0 0 1.41709 292
0 0 1.42216 25
0 0 1.42326 611
0 0 1.42329 146
0 0 1.4245 513
0 0 1.42639 934
0 0 1.42869 544
0 0 1.42931 42
1 1.34197 1.42936 204-739
1 1.26935 1.43069 78-83
0 0 1.43152 115
0 0 1.43439 91
0 0 1.43566 231
1 1.09521 1.43967 366-911
0 0 1.44048 148
0 0 1.44065 409
0 0 1.44402 980
0 0 1.44447 325
0 0 1.44479 36
1 1.38994 1.44487 353-739
0 0 1.44536 277
0 0 1.44556 532
1 1.23836 1.44648 574-630
0 0 1.44768 462
0 0 1.45073 108
0 0 1.455 93
0 0 1.46028 945
0 0 1.46031 525
0 0 1.46245 87
0 0 1.46407 314
0 0 1.46528 120
0 0 1.46669 798
0 0 1.46688 121
0 0 1.46827 427
0 0 1.46854 217
0 0 1.46902 397
0 0 1.47422 156
1 1.38875 1.47626 511-680
0 0 1.47949 133
0 0 1.4826 957
0 0 1.48462 476
0 0 1.48575 145
0 0 1.48988 173
0 0 1.49221 38
1 1.33458 1.49309 831-952
0 0 1.50046 346
0 0 1.50057 4
0 0 1.51195 322
0 0 1.514 456
0 0 1.51476 479
0 0 1.52118 604
0 0 1.52217 172
0 0 1.52592 10
0 0 1.5309 30
0 0 1.5356 13
0 0 1.53975 329
0 0 1.54208 302
0 0 1.5453 264
0 0 1.54861 225
1 1.3698 1.55107 83-624
0 0 1.55155 443
1 1.31311 1.55203 666-754
0 0 1.55268 472
0 0 1.55296 23
0 0 1.55461 95
0 0 1.5551 17
1 1.37317 1.55801 273-714
0 0 1.56093 263
0 0 1.56382 775
0 0 1.56671 141
0 0 1.56862 262
0 0 1.56874 19
0 0 1.57292 64
1 1.32151 1.57487 57-584
1 1.40417 1.57759 327-728
1 1.34439 1.58077 88-865
0 0 1.58083 953
1 1.45741 1.58849 238-735
1 1.26783 1.59132 63-838
0 0 1.59674 219
0 0 1.59715 35
1 1.52918 1.59773 475-651
0 0 1.60075 189
0 0 1.60268 182
0 0 1.60379 166
1 1.30615 1.6075 86-480
0 0 1.6146 119
0 0 1.61469 92
0 0 1.61666 271
1 1.42757 1.62384 740-808
0 0 1.64012 187
0 0 1.64081 134
1 1.40005 1.64112 475-631
0 0 1.64692 65
0 0 1.64771 228
0 0 1.65094 157
0 0 1.65195 66
0 0 1.65441 86
0 0 1.65472 434
0 0 1.65661 250
1 1.55914 1.66178 500-745
1 1.54173 1.66321 124-243
0 0 1.66376 515
0 0 1.66555 9
1 1.59008 1.67596 588-866
0 0 1.68268 890
1 1.20289 1.69252 442-844
1 1.34031 1.69303 126-607
1 1.39338 1.69491 689-741
1 1.49782 1.7005 399-656
0 0 1.70137 184
0 0 1.7141 62
0 0 1.72655 164
0 0 1.73025 168
1 1.73813 8.5 443-674
0 0 1.7397 862
0 0 1.74765 323
1 1.59437 1.74781 332-917
0 0 1.74904 50
1 1.19596 1.75009 355-912
0 0 1.7506 236
0 0 1.75285 214
0 0 1.75406 404
1 1.41719 1.75675 276-959
1 1.69199 1.75767 365-855
1 1.31392 1.75864 700-820
0 0 1.76167 167
0 0 1.77155 991
0 0 1.77328 159
1 1.15372 1.78027 495-686
0 0 1.79109 163
0 0 1.79755 12
1 1.74582 1.801 185-340
0 0 1.80748 34
0 0 1.80806 546
0 0 1.8159 29
1 1.5976 1.82988 332-428
0 0 1.83107 26
0 0 1.84148 593
1 1.73407 1.84964 517-975
1 1.58964 1.85075 428-614
1 1.79825 1.85468 626-967
0 0 1.86195 186
1 1.57761 1.86963 355-959
0 0 1.87377 218
0 0 1.89461 229
1 1.5855 1.89534 79-604
0 0 1.89632 529
0 0 1.90047 107
0 0 1.9012 3
1 1.82563 1.90403 358-420
0 0 1.90443 256
0 0 1.90505 58
1 1.67795 1.9084 187-401
1 1.70364 1.91257 127-391
1 1.19102 1.91762 294-428
1 1.31362 1.9189 420-731
0 0 1.9219 303
0 0 1.9367 296
1 1.83032 1.94486 165-953
1 1.21552 1.94773 412-751
0 0 1.96112 144
1 1.49955 1.96213 210-333
1 1.38783 1.96253 294-638
1 1.57063 1.98756 442-653
1 1.54507 1.9997 621-773
1 1.30691 2.011 116-577
1 1.75766 2.01595 199-249
1 1.33217 2.0219 126-740
1 1.941 2.02204 549-626
1 1.1839 2.02243 136-784
1 1.67631 2.02247 149-925
0 0 2.02558 840
1 1.9756 2.02716 594-680
1 1.802 2.02735 283-644
1 1.38833 2.039 567-873
1 1.75867 2.06249 94-440
1 2.00365 2.07632 4-214
1 1.7209 2.08719 388-817
1 2.0334 2.11943 669-887
1 1.46546 2.12118 599-777
1 1.99301 2.12199 87-104
1 2.00014 2.12634 314-316
1 1.59099 2.12668 67-238
0 0 2.17143 317
1 1.75227 2.1719 109-221
1 1.77593 2.17276 431-936
1 1.53579 2.18445 161-625
1 1.85188 2.18947 134-812
1 1.76183 2.22165 191-635
1 1.98858 2.22482 658-871
1 1.48947 2.22606 45-877
1 1.845 2.22956 28-98
1 1.53494 2.24873 555-794
1 1.87168 2.24916 422-892
1 1.38006 2.258 841-936
1 1.69051 2.2599 346-946
1 2.05545 2.27399 525-736
1 2.16083 2.2762 50-184
1 1.52784 2.28585 473-702
0 0 2.28748 61
1 1.92349 2.29794 138-322
1 2.2345 2.29872 143-789
1 2.18701 2.30903 593-809
1 1.69032 2.31172 187-244
0 0 2.345 845
1 1.81122 2.34802 348-611
1 2.27348 2.36338 253-405
1 1.6365 2.36849 271-695
1 2.30752 2.37465 741-970
1 2.21886 2.38912 1-432
1 1.5452 2.40017 934-978
1 1.59001 2.40217 555-720
1 2.14899 2.40974 231-682
1 1.97988 2.41339 436-663
1 2.2546 2.41571 189-969
1 1.61014 2.43926 626-953
1 1.53187 2.45981 568-600
1 1.68663 2.46099 753-822
1 1.73952 2.46264 30-960
1 1.94634 2.47774 159-722
1 2.27624 2.49058 915-922
1 1.77412 2.50408 202-310
1 2.02831 2.52 743-778
1 2.45653 2.52523 58-350
1 2.19917 2.52754 524-805
1 1.65573 2.53381 392-671
1 1.98464 2.5344 95-753
1 2.47964 2.53735 39-831
1 1.5637 2.54619 38-352
1 1.72813 2.55571 299-491
1 2.14264 2.55828 261-482
1 2.39072 2.57269 251-557
1 1.97525 2.57839 237-743
1 1.69873 2.58066 413-860
1 2.34242 2.5819 80-664
1 2.32879 2.58537 272-759
1 2.4322 2.59578 270-950
1 2.55025 2.6186 262-434
1 2.33221 2.62818 452-831
1 1.6757 2.62996 652-850
1 1.80148 2.63204 13-923
1 2.49049 2.64078 35-245
1 2.24896 2.64604 369-601
1 1.96427 2.66061 462-585
1 2.52073 2.662 302-779
1 2.40804 2.68237 164-524
1 2.32857 2.69275 632-921
1 1.88849 2.70662 164-864
1 1.99376 2.71039 4-843
1 1.43475 2.71675 43-91
1 2.61082 2.72245 513-957
1 2.42962 2.7242 76-229
1 2.47226 2.74168 307-945
1 2.01657 2.74427 248-385
1 2.13134 2.74976 225-848
1 2.24259 2.75055 190-861
1 1.70927 2.75828 220-775
1 2.72954 2.78472 75-296
1 2.50132 2.80322 187-839
1 2.6075 2.81387 94-468
1 2.67759 2.82107 236-954
1 2.53277 2.82371 280-462
1 2.56195 2.8309 211-217
1 1.76942 2.83481 96-289
1 1.87196 2.84314 274-405
1 2.0271 2.84629 90-447
1 2.69145 2.85742 61-488
1 2.28799 2.86974 115-934
1 1.55746 2.87487 130-414
1 2.01805 2.88879 313-416
1 1.94777 2.89865 200-296
1 1.6486 2.91519 359-837
1 2.45531 2.91698 87-998
1 2.25609 2.91856 340-647
1 1.92425 2.92059 215-397
1 1.99108 2.92498 7-398
1 2.33783 2.93143 228-719
1 1.9938 2.93495 58-715
1 2.51668 2.95329 290-916
1 2.82112 2.95871 352-706
1 2.50129 2.98566 451-547
1 2.87766 2.99146 317-699
1 2.95811 3.02799 290-656
1 2.64688 3.02929 191-935
1 2.01019 3.02943 646-796
1 1.75689 3.03486 184-980
1 2.23854 3.0501 214-945
1 2.80153 3.05803 101-904
1 2.58417 3.06259 313-529
1 2.88579 3.06549 935-965
1 2.66225 3.074 298-836
1 2.84313 3.0772 218-681
1 1.94612 3.10537 611-634
1 3.05951 3.11966 247-532
1 1.69031 3.12441 234-915
1 2.38241 3.13259 159-230
1 2.60908 3.1353 217-529
1 2.89897 3.15763 601-766
1 1.60931 3.17272 314-908
1 2.78922 3.17432 323-845
1 2.16429 3.1924 129-926
1 2.15717 3.21091 472-497
1 2.70734 3.21969 285-991
1 2.40967 3.23101 156-456
1 2.45777 3.25576 337-550
1 1.43214 3.25862 82-445
1 1.90311 3.27808 466-980
1 1.68115 3.28037 671-986
1 2.55153 3.28743 434-550
1 2.11009 3.36814 161-902
1 1.94297 3.38516 287-981
1 2.33515 3.38959 301-683
1 1.61123 3.40035 170-194
1 1.79764 3.40556 262-801
1 1.81762 3.40972 701-833
1 2.73081 3.46848 862-991
1 3.42179 3.5082 382-885
1 1.78593 3.51886 969-985
1 2.27092 3.52893 357-840
1 1.78352 3.56939 676-981
1 2.63239 3.57399 387-954
1 2.31821 3.58758 504-991
1 2.06989 3.6933 206-452
1 3.10695 3.78374 125-840
1 1.74216 3.81573 133-304
1 2.23948 3.89749 12-747
1 3.48454 3.92952 10-229
1 1.79167 3.93838 168-608
1 2.57851 3.9549 635-781
1 2.08768 4.00023 265-765
1 2.15661 4.02751 243-593
1 3.17308 4.03235 256-336
1 2.06709 4.13331 394-716
2 4.02237 4.14479 162-747-865
1 2.45761 4.17184 505-944
1 3.50769 4.33258 769-845
1 2.39563 4.38954 457-699
1 1.98279 4.62062 163-706
1 3.66944 4.62361 326-984
1 1.74343 4.87033 92-450
2 5.33237 8.5 393-756-862
