0 0 8.5 0
0 0 0.0595786 441
0 0 0.0663874 417
0 0 0.0671908 535
0 0 0.0753346 693
0 0 0.0846287 627
0 0 0.0864228 974
0 0 0.103954 994
0 0 0.104712 612
0 0 0.107102 961
0 0 0.118085 717
0 0 0.121935 827
0 0 0.124844 320
0 0 0.129459 771
0 0 0.13424 457
0 0 0.14304 648
0 0 0.143285 829
0 0 0.147755 628
0 0 0.149783 565
0 0 0.158437 336
0 0 0.169569 286
0 0 0.169813 573
0 0 0.174664 978
0 0 0.17579 935
0 0 0.176709 753
0 0 0.178901 265
0 0 0.179568 906
0 0 0.180549 677
0 0 0.18327 560
0 0 0.183547 177
0 0 0.183798 733
0 0 0.19254 857
0 0 0.193003 883
0 0 0.193035 89
0 0 0.194006 767
0 0 0.194031 822
0 0 0.194983 982
0 0 0.20192 863
0 0 0.204577 816
0 0 0.205702 669
0 0 0.214922 844
0 0 0.219241 123
0 0 0.220507 395
0 0 0.222971 594
0 0 0.223464 939
0 0 0.227703 492
0 0 0.228584 51
0 0 0.229366 618
0 0 0.230293 834
0 0 0.230366 422
0 0 0.239028 963
0 0 0.239254 972
0 0 0.242025 826
0 0 0.242924 354
0 0 0.244792 678
0 0 0.250546 620
0 0 0.251247 940
0 0 0.252954 371
0 0 0.253892 655
0 0 0.255827 482
0 0 0.25588 668
0 0 0.257566 386
0 0 0.25893 967
0 0 0.263626 700
0 0 0.269115 559
0 0 0.271777 267
0 0 0.272345 879
0 0 0.274491 769
0 0 0.27468 696
0 0 0.275303 564
0 0 0.282026 542
0 0 0.283321 732
0 0 0.287627 260
0 0 0.288878 495
0 0 0.289513 375
0 0 0.290711 634
0 0 0.294803 661
0 0 0.298248 644
0 0 0.298883 855
0 0 0.30056 989
0 0 0.301052 860
0 0 0.306796 746
0 0 0.309915 461
0 0 0.312496 735
0 0 0.314533 901
0 0 0.314599 175
0 0 0.31578 226
0 0 0.320008 838
0 0 0.326387 872
0 0 0.329562 365
0 0 0.332615 547
0 0 0.335387 997
0 0 0.338227 894
0 0 0.339873 530
0 0 0.341026 724
0 0 0.341462 204
0 0 0.34268 839
0 0 0.342939 785
0 0 0.348671 645
0 0 0.349964 385
0 0 0.351159 566
0 0 0.354411 870
0 0 0.358544 983
0 0 0.361249 938
0 0 0.361417 930
0 0 0.362095 376
0 0 0.366899 641
0 0 0.374465 278
0 0 0.375123 973
0 0 0.379618 158
0 0 0.381907 990
0 0 0.385941 617
0 0 0.385983 519
0 0 0.386617 588
0 0 0.387685 664
0 0 0.390203 473
0 0 0.391441 521
0 0 0.391582 819
0 0 0.396325 335
0 0 0.396678 342
0 0 0.398859 649
0 0 0.399213 943
0 0 0.399414 531
0 0 0.400751 754
0 0 0.400844 727
0 0 0.40097 899
0 0 0.402268 947
0 0 0.407049 927
0 0 0.407531 768
0 0 0.409597 563
0 0 0.413676 902
0 0 0.414299 587
0 0 0.415694 730
0 0 0.41834 763
0 0 0.418991 987
0 0 0.419573 562
0 0 0.420183 653
0 0 0.424479 964
0 0 0.430369 624
0 0 0.430491 232
0 0 0.431932 916
0 0 0.433514 306
0 0 0.434107 956
0 0 0.434128 356
0 0 0.434167 508
0 0 0.437911 633
0 0 0.441414 988
0 0 0.443489 847
0 0 0.444583 418
0 0 0.446506 932
0 0 0.446536 459
0 0 0.449237 307
0 0 0.449374 774
0 0 0.449541 361
0 0 0.4507 469
0 0 0.452829 808
0 0 0.452893 708
0 0 0.453171 334
0 0 0.454716 596
0 0 0.460619 802
0 0 0.460783 782
0 0 0.462852 623
0 0 0.463226 613
0 0 0.464804 836
0 0 0.467102 399
0 0 0.467135 950
0 0 0.468613 797
0 0 0.469853 739
0 0 0.470696 470
0 0 0.471617 603
0 0 0.473968 818
0 0 0.47524 788
0 0 0.476747 703
0 0 0.477034 630
0 0 0.480943 496
0 0 0.482421 643
0 0 0.483326 723
0 0 0.486907 347
0 0 0.487046 886
0 0 0.490299 70
0 0 0.492655 718
0 0 0.493818 882
0 0 0.494319 327
0 0 0.496176 585
0 0 0.498166 795
0 0 0.498376 804
0 0 0.500977 803
0 0 0.501736 387
0 0 0.501842 608
0 0 0.502417 254
0 0 0.50646 907
0 0 0.507757 854
0 0 0.508899 824
0 0 0.508998 244
0 0 0.513171 619
0 0 0.513481 646
0 0 0.515232 864
0 0 0.515854 364
0 0 0.516436 474
0 0 0.520675 719
0 0 0.521161 750
0 0 0.52129 615
0 0 0.522983 111
0 0 0.523223 477
0 0 0.523871 153
0 0 0.524378 348
0 0 0.524656 288
0 0 0.525496 650
0 0 0.525987 713
0 0 0.526485 861
0 0 0.526543 454
0 0 0.526631 135
0 0 0.527309 931
0 0 0.527394 74
0 0 0.528727 638
0 0 0.530252 503
0 0 0.531146 694
0 0 0.532541 569
0 0 0.535095 780
0 0 0.535279 465
0 0 0.536206 581
0 0 0.536223 675
0 0 0.538206 575
0 0 0.538518 33
0 0 0.54003 786
0 0 0.540231 833
0 0 0.540476 941
0 0 0.540624 451
0 0 0.541951 349
0 0 0.542144 962
0 0 0.543596 877
0 0 0.545601 749
0 0 0.548275 910
0 0 0.548808 949
0 0 0.550216 383
0 0 0.55031 516
0 0 0.550929 487
0 0 0.552313 439
0 0 0.553117 556
0 0 0.553291 393
0 0 0.553415 837
0 0 0.55358 309
0 0 0.554687 590
0 0 0.555418 674
0 0 0.556795 698
0 0 0.556983 881
0 0 0.55704 766
0 0 0.558827 933
0 0 0.559529 414
0 0 0.559968 880
0 0 0.560835 799
0 0 0.56272 743
0 0 0.563013 179
0 0 0.563721 425
0 0 0.56692 80
0 0 0.567536 554
0 0 0.56765 748
0 0 0.567668 272
0 0 0.567976 998
0 0 0.568735 239
0 0 0.570005 647
0 0 0.571434 842
0 0 0.572823 357
0 0 0.573625 806
0 0 0.574834 692
0 0 0.574951 865
0 0 0.575105 741
0 0 0.575578 577
0 0 0.576625 440
0 0 0.577919 297
0 0 0.578331 408
0 0 0.580366 687
0 0 0.58051 715
0 0 0.581722 660
0 0 0.581754 543
0 0 0.583716 762
0 0 0.584206 37
0 0 0.585396 759
0 0 0.587121 794
0 0 0.58909 363
0 0 0.589402 501
0 0 0.59049 415
0 0 0.590567 960
0 0 0.590977 878
0 0 0.591665 358
0 0 0.592322 913
0 0 0.592708 147
0 0 0.592896 752
0 0 0.594631 555
0 0 0.595278 659
0 0 0.602012 450
0 0 0.602186 936
0 0 0.602886 279
0 0 0.606864 711
0 0 0.607156 657
0 0 0.613505 526
0 0 0.615092 394
0 0 0.618047 504
0 0 0.618396 744
0 0 0.619432 695
0 0 0.619859 929
0 0 0.620068 781
0 0 0.621004 500
0 0 0.623481 213
0 0 0.624301 373
0 0 0.625114 893
0 0 0.625417 955
0 0 0.625662 884
0 0 0.626244 583
0 0 0.626266 103
0 0 0.626296 686
0 0 0.627361 756
0 0 0.627422 524
0 0 0.628546 790
0 0 0.629514 351
0 0 0.630059 975
0 0 0.630437 622
0 0 0.630738 549
0 0 0.632056 245
0 0 0.633318 390
0 0 0.633622 636
0 0 0.634524 293
0 0 0.635867 888
0 0 0.63784 731
0 0 0.638914 580
0 0 0.639362 238
0 0 0.640419 410
0 0 0.641037 192
0 0 0.642288 807
0 0 0.642462 512
0 0 0.643264 96
0 0 0.644153 295
0 0 0.646386 374
0 0 0.6477 275
0 0 0.647742 131
0 0 0.648117 635
0 0 0.649477 497
0 0 0.649709 764
0 0 0.649747 685
0 0 0.650553 269
0 0 0.651201 710
0 0 0.652388 571
0 0 0.653679 170
0 0 0.654792 791
0 0 0.657495 370
0 0 0.657679 381
0 0 0.65799 721
0 0 0.658198 770
0 0 0.659607 128
0 0 0.66228 918
0 0 0.662992 820
0 0 0.664229 789
0 0 0.66694 360
0 0 0.667043 255
0 0 0.671054 914
0 0 0.671085 579
0 0 0.671364 683
0 0 0.673531 958
0 0 0.675779 740
0 0 0.678043 919
0 0 0.679153 435
0 0 0.681153 485
0 0 0.682396 584
0 0 0.682459 40
0 0 0.683434 183
0 0 0.689288 830
0 0 0.689706 609
0 0 0.689922 475
0 0 0.690038 165
0 0 0.690388 812
0 0 0.690986 433
0 0 0.691662 851
0 0 0.69182 101
0 0 0.692207 389
0 0 0.692869 793
0 0 0.695096 712
0 0 0.695281 242
0 0 0.700269 843
0 0 0.701507 316
0 0 0.702821 784
0 0 0.703941 233
0 0 0.704925 312
0 0 0.706856 321
0 0 0.70739 207
0 0 0.70835 308
0 0 0.708626 483
0 0 0.709737 558
0 0 0.710019 169
0 0 0.710111 765
0 0 0.710212 726
0 0 0.710814 595
0 0 0.711691 607
0 0 0.711953 610
0 0 0.714508 534
0 0 0.715869 276
0 0 0.716031 458
0 0 0.719313 437
0 0 0.719388 745
0 0 0.720198 821
0 0 0.721362 900
0 0 0.721402 407
0 0 0.725326 734
0 0 0.726593 511
0 0 0.72702 676
0 0 0.727603 444
0 0 0.727945 705
0 0 0.728451 311
0 0 0.728711 129
0 0 0.729645 616
0 0 0.729692 402
0 0 0.730364 235
0 0 0.73167 682
0 0 0.731955 533
0 0 0.732321 284
0 0 0.732558 800
0 0 0.734685 463
0 0 0.73531 895
0 0 0.736239 369
0 0 0.737062 891
0 0 0.737118 424
0 0 0.741299 904
0 0 0.744415 702
0 0 0.745093 903
0 0 0.747152 850
0 0 0.748379 737
0 0 0.749048 639
0 0 0.750159 779
0 0 0.751191 747
0 0 0.752024 201
0 0 0.752808 494
0 0 0.75293 486
0 0 0.75448 681
0 0 0.757411 258
0 0 0.757725 193
0 0 0.760274 578
0 0 0.761015 598
0 0 0.764107 993
0 0 0.765777 430
0 0 0.765958 992
0 0 0.767766 83
0 0 0.769665 640
0 0 0.771896 273
0 0 0.772162 324
0 0 0.77353 707
0 0 0.774087 923
0 0 0.774798 642
0 0 0.776838 725
0 0 0.777589 716
0 0 0.778297 572
0 0 0.779584 197
0 0 0.780426 125
0 0 0.780758 466
0 0 0.781704 71
0 0 0.781929 937
0 0 0.783783 828
0 0 0.784808 310
0 0 0.78521 920
0 0 0.786941 672
0 0 0.787707 527
0 0 0.78808 915
0 0 0.788321 27
0 0 0.788862 212
0 0 0.788867 679
0 0 0.791297 266
0 0 0.792933 728
0 0 0.795629 380
0 0 0.807973 423
0 0 0.808869 553
0 0 0.809162 898
0 0 0.809386 548
0 0 0.809736 869
0 0 0.812874 875
0 0 0.815213 552
0 0 0.815856 287
0 0 0.816598 701
0 0 0.817982 738
0 0 0.819893 84
0 0 0.820644 966
0 0 0.821242 502
0 0 0.821243 484
0 0 0.822384 751
0 0 0.824988 343
0 0 0.825047 605
0 0 0.8292 835
0 0 0.82968 856
0 0 0.830441 996
0 0 0.832061 853
0 0 0.832826 117
0 0 0.834747 874
0 0 0.835249 122
0 0 0.835701 506
0 0 0.835783 319
0 0 0.83838 536
0 0 0.838697 965
0 0 0.838894 969
0 0 0.841728 632
0 0 0.841763 436
0 0 0.842118 651
0 0 0.844468 155
0 0 0.847295 280
0 0 0.847602 944
0 0 0.848169 105
0 0 0.849937 709
0 0 0.849963 259
0 0 0.850788 809
0 0 0.852095 540
0 0 0.852533 867
0 0 0.854765 866
0 0 0.855935 813
0 0 0.857201 582
0 0 0.85771 426
0 0 0.861407 252
0 0 0.863264 246
0 0 0.864014 859
0 0 0.865299 305
0 0 0.867533 339
0 0 0.86784 190
0 0 0.868336 429
0 0 0.868711 942
0 0 0.868933 124
0 0 0.869209 396
0 0 0.872854 126
0 0 0.873069 326
0 0 0.87331 328
0 0 0.873987 849
0 0 0.874489 897
0 0 0.874692 455
0 0 0.87648 815
0 0 0.879493 366
0 0 0.882974 24
0 0 0.885704 362
0 0 0.895479 631
0 0 0.896258 846
1 0.839452 0.896342 312-461
0 0 0.899252 614
0 0 0.902184 574
0 0 0.904688 772
0 0 0.909443 928
0 0 0.910369 490
0 0 0.910609 629
0 0 0.91317 21
0 0 0.913473 240
0 0 0.915632 814
0 0 0.916015 428
0 0 0.916059 283
0 0 0.916372 876
0 0 0.918462 656
0 0 0.92093 970
0 0 0.921714 127
0 0 0.922479 514
0 0 0.922571 291
0 0 0.92293 777
0 0 0.924931 758
0 0 0.925878 761
0 0 0.9263 841
0 0 0.92643 977
0 0 0.927294 467
0 0 0.931558 171
0 0 0.933214 995
0 0 0.933913 460
0 0 0.935581 464
0 0 0.935858 665
0 0 0.936134 986
0 0 0.937142 561
0 0 0.939232 952
0 0 0.940884 180
0 0 0.941966 689
0 0 0.943136 353
0 0 0.943408 924
0 0 0.943713 858
0 0 0.943924 403
0 0 0.944676 979
0 0 0.945268 405
0 0 0.945734 384
0 0 0.949196 911
0 0 0.951254 570
0 0 0.951411 499
0 0 0.951477 948
0 0 0.955702 270
0 0 0.957931 191
0 0 0.959462 282
1 0.901366 0.959521 826-940
0 0 0.961535 340
0 0 0.963772 132
0 0 0.964719 221
0 0 0.965328 654
0 0 0.965343 892
0 0 0.966089 592
0 0 0.966825 688
0 0 0.967203 391
0 0 0.968549 151
0 0 0.970171 453
0 0 0.970778 388
0 0 0.971432 195
0 0 0.971434 597
0 0 0.971617 896
0 0 0.972144 690
0 0 0.9728 787
0 0 0.972966 528
0 0 0.976284 406
0 0 0.977347 868
0 0 0.978507 541
0 0 0.979976 268
0 0 0.981883 667
0 0 0.982574 742
0 0 0.983065 77
0 0 0.984993 222
0 0 0.986399 300
0 0 0.990927 912
0 0 0.991109 999
0 0 0.991423 313
0 0 0.992266 871
0 0 0.99243 330
0 0 0.993579 697
0 0 0.993688 152
0 0 0.994865 202
0 0 0.995818 568
0 0 0.99588 921
0 0 0.996015 825
0 0 0.997435 729
0 0 1.00098 154
0 0 1.00107 290
0 0 1.00573 181
0 0 1.00599 198
0 0 1.00701 160
0 0 1.0076 917
0 0 1.01035 113
0 0 1.01039 216
0 0 1.01043 606
0 0 1.01237 538
0 0 1.01367 831
0 0 1.01482 140
0 0 1.0149 99
0 0 1.01593 589
0 0 1.01608 55
0 0 1.01635 379
0 0 1.01703 757
0 0 1.01714 368
0 0 1.01847 586
0 0 1.01895 196
0 0 1.01939 116
0 0 1.01966 720
0 0 1.02097 976
0 0 1.02216 377
0 0 1.0284 294
0 0 1.03084 985
0 0 1.03088 90
0 0 1.03252 448
0 0 1.03321 94
0 0 1.03433 11
0 0 1.03471 539
0 0 1.03554 493
0 0 1.03635 968
1 0.93858 1.0366 241-500
0 0 1.03757 796
0 0 1.03785 88
0 0 1.03798 666
0 0 1.03803 199
0 0 1.03852 106
0 0 1.03866 926
0 0 1.04058 736
0 0 1.04059 755
0 0 1.04436 680
0 0 1.04714 67
0 0 1.0494 442
0 0 1.05079 45
0 0 1.05094 372
0 0 1.05316 984
0 0 1.05331 523
0 0 1.05371 691
0 0 1.05509 355
0 0 1.05538 400
0 0 1.05545 760
0 0 1.05626 253
0 0 1.05708 413
0 0 1.05899 421
0 0 1.05938 600
0 0 1.06287 925
0 0 1.06414 971
0 0 1.06665 817
0 0 1.06691 223
0 0 1.06813 517
0 0 1.06863 75
0 0 1.07219 241
0 0 1.07223 392
0 0 1.07259 337
0 0 1.07354 908
0 0 1.07388 247
0 0 1.07766 114
0 0 1.07907 176
0 0 1.07932 599
0 0 1.08031 576
0 0 1.08186 281
0 0 1.08221 345
0 0 1.08287 805
0 0 1.08317 20
0 0 1.0838 344
0 0 1.08388 954
0 0 1.08425 378
0 0 1.08501 792
0 0 1.08505 318
0 0 1.08775 412
0 0 1.08815 333
0 0 1.08971 449
0 0 1.08989 48
0 0 1.09112 663
0 0 1.09321 401
0 0 1.09771 205
0 0 1.10277 162
0 0 1.10292 118
0 0 1.10417 332
0 0 1.10458 367
0 0 1.10552 520
0 0 1.10676 72
0 0 1.10693 478
0 0 1.1091 338
0 0 1.10928 49
0 0 1.11159 602
0 0 1.11645 142
0 0 1.11798 658
0 0 1.11897 783
0 0 1.11943 210
0 0 1.12029 714
0 0 1.12058 243
0 0 1.12073 420
0 0 1.12136 188
0 0 1.12216 468
0 0 1.12223 100
0 0 1.12287 31
0 0 1.12308 138
0 0 1.12425 488
0 0 1.12459 652
0 0 1.12475 298
0 0 1.12539 18
0 0 1.12684 161
0 0 1.13206 102
0 0 1.13379 73
0 0 1.13816 832
0 0 1.14074 78
0 0 1.14112 85
0 0 1.14289 304
0 0 1.14322 136
0 0 1.14353 350
0 0 1.14395 8
0 0 1.1459 981
0 0 1.15057 491
0 0 1.1509 889
0 0 1.15092 518
0 0 1.15241 1
0 0 1.15289 299
0 0 1.15708 481
0 0 1.15916 79
0 0 1.16009 432
0 0 1.16016 143
0 0 1.16446 261
0 0 1.16713 63
0 0 1.17092 185
0 0 1.17129 341
0 0 1.17283 946
0 0 1.17322 489
0 0 1.17456 776
0 0 1.17607 54
0 0 1.17653 59
0 0 1.18051 28
0 0 1.18092 16
0 0 1.18472 419
0 0 1.18474 778
0 0 1.18678 509
0 0 1.18754 174
0 0 1.18804 810
0 0 1.18906 438
0 0 1.19278 32
0 0 1.193 670
1 1.01891 1.19514 689-884
0 0 1.19598 480
0 0 1.19633 248
0 0 1.19822 522
0 0 1.20004 97
1 0.927441 1.20458 751-879
0 0 1.20504 591
0 0 1.20684 76
0 0 1.20697 39
0 0 1.21256 47
0 0 1.21377 60
0 0 1.21663 446
0 0 1.21729 498
0 0 1.21772 662
1 1.171 1.22198 373-782
1 1.02817 1.22324 154-353
0 0 1.22389 359
0 0 1.22582 885
0 0 1.22748 139
0 0 1.22827 567
0 0 1.22941 81
0 0 1.23014 130
0 0 1.23615 959
0 0 1.2363 621
0 0 1.23675 507
0 0 1.24035 206
0 0 1.24183 215
0 0 1.24195 905
0 0 1.24236 224
0 0 1.24266 289
0 0 1.24434 57
0 0 1.2459 922
0 0 1.24729 887
0 0 1.24912 811
0 0 1.24985 551
0 0 1.2507 801
0 0 1.2526 722
1 1.08981 1.25362 814-917
0 0 1.25609 251
0 0 1.25858 46
0 0 1.2587 56
0 0 1.26307 137
0 0 1.26473 53
0 0 1.26525 447
0 0 1.26602 301
1 1.1801 1.26786 682-919
0 0 1.26945 6
0 0 1.27085 951
0 0 1.27454 505
0 0 1.27711 673
0 0 1.27833 257
0 0 1.27863 178
0 0 1.28005 227
0 0 1.2814 671
0 0 1.28861 398
0 0 1.28952 5
0 0 1.28987 285
0 0 1.29055 98
0 0 1.29387 234
0 0 1.29795 44
0 0 1.29818 109
0 0 1.29928 471
0 0 1.29956 611
0 0 1.30036 15
0 0 1.30055 52
0 0 1.30303 823
0 0 1.30475 104
0 0 1.30597 873
0 0 1.31152 637
0 0 1.31373 209
0 0 1.31668 545
0 0 1.32067 315
0 0 1.32431 510
0 0 1.32456 22
0 0 1.32467 848
0 0 1.32747 431
0 0 1.3288 557
0 0 1.33196 43
0 0 1.33321 14
0 0 1.33457 200
0 0 1.33462 41
0 0 1.34009 909
0 0 1.3407 699
0 0 1.34196 237
0 0 1.34456 208
0 0 1.34501 211
0 0 1.34584 773
0 0 1.35357 69
0 0 1.35416 416
1 1.26969 1.35504 519-774
0 0 1.35776 852
1 1.27168 1.3608 136-463
0 0 1.36198 68
0 0 1.36505 625
0 0 1.36512 2
0 0 1.36579 352
0 0 1.36619 220
0 0 1.36683 274
0 0 1.36891 115
0 0 1.37138 704
0 0 1.37281 537
0 0 1.37367 684
0 0 1.37465 203
0 0 1.37549 292
1 1.14132 1.37891 305-503
1 1.38067 8.5 223-455
0 0 1.38169 544
0 0 1.38186 249
0 0 1.38307 82
0 0 1.38387 149
0 0 1.38417 382
0 0 1.3865 121
0 0 1.38719 110
0 0 1.3873 706
1 1.31262 1.391 353-739
0 0 1.39188 411
0 0 1.39213 148
0 0 1.39522 409
0 0 1.39605 513
0 0 1.39718 217
0 0 1.39996 7
0 0 1.39998 445
0 0 1.40337 150
0 0 1.4034 525
1 1.18833 1.40357 574-630
0 0 1.40581 231
0 0 1.40724 112
0 0 1.40881 36
0 0 1.4151 626
0 0 1.41808 91
1 1.33862 1.42283 258-884
0 0 1.42462 230
1 1.10142 1.42599 366-974
1 1.31778 1.42764 831-952
0 0 1.42926 462
0 0 1.43058 4
0 0 1.43078 346
0 0 1.43239 156
0 0 1.43354 194
0 0 1.43562 120
1 1.23758 1.43661 78-83
0 0 1.43734 25
0 0 1.44182 331
0 0 1.4438 601
0 0 1.44974 550
0 0 1.45093 476
0 0 1.45509 325
0 0 1.46354 934
0 0 1.46447 397
0 0 1.47295 146
0 0 1.47483 452
0 0 1.47522 322
0 0 1.47576 798
0 0 1.47616 108
0 0 1.47915 980
0 0 1.47981 479
0 0 1.48233 42
0 0 1.48351 604
0 0 1.48687 443
0 0 1.488 314
1 1.34932 1.48898 677-739
0 0 1.48974 38
0 0 1.49011 133
0 0 1.49334 30
0 0 1.49622 945
0 0 1.49908 93
0 0 1.4998 427
0 0 1.50272 145
0 0 1.50686 23
0 0 1.50711 264
1 1.4536 1.51073 215-885
0 0 1.51144 173
0 0 1.51235 329
1 1.3604 1.51334 83-624
0 0 1.5216 172
0 0 1.52253 775
0 0 1.5236 35
0 0 1.52916 277
0 0 1.53264 87
0 0 1.5332 13
0 0 1.53421 95
0 0 1.5349 957
0 0 1.54155 10
0 0 1.54472 456
0 0 1.54751 141
1 1.24513 1.55 63-838
0 0 1.5517 953
0 0 1.55299 302
0 0 1.55844 472
0 0 1.56117 225
0 0 1.56687 64
0 0 1.56712 166
0 0 1.57182 532
1 1.40728 1.57631 327-728
0 0 1.57747 262
0 0 1.5777 182
1 1.46295 1.58135 740-808
0 0 1.5904 17
1 1.32576 1.59435 88-865
1 1.42085 1.59676 674-811
1 1.29015 1.59781 57-729
1 1.25165 1.60114 480-835
0 0 1.60342 263
1 1.43873 1.6053 238-735
0 0 1.60613 434
0 0 1.60943 219
0 0 1.61509 228
0 0 1.62166 271
0 0 1.63021 134
0 0 1.63061 9
1 1.34661 1.63442 475-631
0 0 1.63651 189
0 0 1.63669 250
1 1.34414 1.63921 666-754
1 1.6424 8.5 443-674
0 0 1.64437 187
0 0 1.64965 119
1 1.35228 1.65063 689-741
0 0 1.65113 92
0 0 1.65451 19
0 0 1.66231 86
0 0 1.66374 515
0 0 1.6674 65
0 0 1.67563 66
0 0 1.68031 62
1 1.58632 1.68985 500-745
0 0 1.6903 184
1 1.37799 1.69289 126-607
0 0 1.69975 167
1 1.4882 1.7011 399-656
1 1.23516 1.70203 151-807
0 0 1.71092 991
0 0 1.71622 890
0 0 1.7171 159
0 0 1.72113 323
1 1.64742 1.73236 365-855
1 1.65339 1.7378 502-709
1 1.22358 1.74164 355-912
0 0 1.74505 164
0 0 1.74677 218
1 1.37879 1.75994 54-887
0 0 1.76007 50
1 1.55969 1.76647 332-917
0 0 1.77099 236
0 0 1.77478 546
0 0 1.77829 157
1 1.1525 1.77928 495-686
0 0 1.78225 214
0 0 1.78583 34
1 1.4499 1.78603 276-959
0 0 1.79119 862
0 0 1.79844 168
1 1.73271 1.81141 185-340
0 0 1.8275 26
1 1.63037 1.82839 332-428
0 0 1.82992 404
1 1.50809 1.83465 79-604
0 0 1.83949 163
0 0 1.84704 12
1 1.50431 1.85038 210-333
0 0 1.85361 593
0 0 1.85558 29
1 1.80777 1.86041 188-960
1 1.53636 1.8695 355-959
1 1.29931 1.88197 420-731
0 0 1.8838 186
0 0 1.88737 58
1 1.67661 1.8889 127-391
0 0 1.89463 296
1 1.57677 1.899 428-614
1 1.82324 1.90134 358-420
1 1.74514 1.905 517-975
0 0 1.91581 256
1 1.86503 1.91628 521-605
0 0 1.92192 303
0 0 1.9224 107
1 1.84413 1.92612 165-953
1 1.41695 1.92748 116-577
1 1.2144 1.92775 536-925
0 0 1.93418 3
1 1.74024 1.94921 187-401
1 1.20341 1.95212 136-784
0 0 1.96361 529
0 0 1.96664 229
1 1.74875 1.97515 199-249
1 1.39552 1.97896 294-638
1 1.61327 1.97943 442-653
0 0 1.9845 144
1 1.75638 1.98681 94-440
1 1.32518 2.0063 126-740
1 1.49673 2.01098 621-773
1 1.34903 2.01237 567-873
1 1.22666 2.03879 176-423
1 1.70734 2.04961 149-925
1 1.94679 2.04966 516-734
0 0 2.05913 840
1 2.0244 2.07991 669-887
1 1.75447 2.08653 283-644
1 2.0133 2.0892 54-202
1 1.65758 2.09445 67-238
1 1.7801 2.1308 603-817
1 1.8829 2.133 134-812
1 1.79748 2.15961 431-936
1 1.80485 2.16124 109-221
1 1.66649 2.16807 191-635
1 1.54199 2.17681 146-579
1 1.97483 2.17785 314-316
0 0 2.1956 317
1 1.25139 2.2157 841-936
1 1.99389 2.21806 658-871
1 1.44331 2.21854 599-777
1 1.83716 2.21998 422-892
1 1.8371 2.23078 28-98
1 1.56238 2.24889 473-702
0 0 2.25192 61
1 1.81654 2.26054 348-611
1 2.11252 2.26109 525-736
1 1.9391 2.28543 138-322
1 1.45677 2.29609 45-877
1 1.66283 2.30313 187-244
1 2.06701 2.30685 50-184
1 2.25597 2.3096 1-432
1 1.57145 2.31071 555-794
0 0 2.32279 845
1 1.77554 2.32509 346-946
1 2.18317 2.32957 231-682
1 1.63758 2.33192 211-943
1 2.17263 2.35787 593-809
1 2.25207 2.3708 253-405
1 2.3097 2.42892 741-970
1 1.89795 2.44735 159-722
1 1.5356 2.45091 568-600
1 1.95166 2.45521 436-663
1 1.67653 2.46456 257-953
1 1.55346 2.47479 555-720
1 2.28409 2.47966 189-969
1 1.64918 2.48774 753-822
1 2.43407 2.49725 39-831
1 1.7771 2.49741 202-310
1 1.75809 2.49771 30-960
1 2.39738 2.52042 915-922
1 1.94575 2.52073 95-753
1 1.50466 2.52333 930-934
1 2.3381 2.55094 251-557
1 2.19999 2.55126 261-482
1 1.83571 2.55326 299-491
1 1.6825 2.56302 392-671
1 2.08366 2.56627 743-778
1 1.55088 2.57143 352-914
1 1.71582 2.57332 13-923
1 2.17421 2.57639 524-805
1 2.49872 2.58138 270-950
1 2.25239 2.58344 557-601
1 2.2959 2.58459 164-524
1 2.37379 2.58959 80-664
1 1.66971 2.59639 652-850
1 2.41093 2.61283 35-245
1 1.94239 2.61823 237-743
1 2.31534 2.6291 452-831
1 1.67934 2.63031 812-860
1 2.53688 2.65239 302-779
1 2.29931 2.65809 272-759
1 1.96399 2.66788 4-843
1 2.36819 2.67063 632-921
1 1.45592 2.68848 43-91
1 2.0152 2.69531 462-585
1 2.414 2.70169 76-229
1 2.55737 2.70934 262-434
1 2.60892 2.71883 513-957
1 2.01406 2.72063 248-385
1 1.89243 2.75206 164-864
1 1.77074 2.75478 220-775
1 2.50534 2.75815 307-945
1 2.22457 2.75818 190-861
1 2.52218 2.77814 61-488
1 2.65786 2.78555 236-954
1 1.9106 2.79706 274-405
1 2.67323 2.80171 468-629
1 2.42979 2.82126 280-462
1 2.55477 2.8224 187-839
1 1.80982 2.82828 96-289
1 1.56014 2.85849 130-414
1 2.02103 2.85896 90-447
1 2.20375 2.86394 225-848
1 2.23385 2.87565 115-934
1 2.43324 2.8775 290-916
1 1.70996 2.88094 359-837
1 2.58818 2.88724 217-416
1 2.03769 2.89145 200-296
1 2.74176 2.90051 352-706
1 2.05107 2.90432 313-416
1 2.51321 2.9137 87-998
1 2.17575 2.93956 290-340
1 1.94525 2.94583 397-798
1 1.96059 2.96709 7-398
1 2.67934 2.97997 191-935
1 1.8126 3.00409 184-980
1 1.9233 3.01255 58-715
1 2.36237 3.01327 145-228
1 2.73522 3.02896 101-904
1 2.51656 3.03376 451-547
1 2.90898 3.03994 317-699
1 1.6973 3.04152 234-915
1 2.00992 3.04698 646-796
1 2.86037 3.05334 218-681
1 2.51265 3.08026 217-529
1 2.83696 3.08271 218-965
1 2.17292 3.08628 214-945
1 2.61212 3.10841 298-836
1 2.00451 3.12666 634-898
1 2.60472 3.1346 313-529
1 1.61694 3.16549 288-391
1 1.46121 3.188 69-523
1 2.97303 3.19429 601-766
1 2.45582 3.19868 337-550
1 2.84424 3.19938 323-845
1 2.45703 3.21415 159-230
1 2.10683 3.23258 472-497
1 2.73004 3.23532 285-991
1 2.2232 3.23598 129-926
1 1.9419 3.24666 466-980
1 1.65647 3.25091 671-986
1 2.49174 3.26018 434-550
1 2.37503 3.30481 325-456
1 2.12776 3.35648 161-902
1 2.35124 3.37581 301-683
1 1.93141 3.37898 287-981
1 1.80665 3.40188 203-985
1 1.8509 3.41746 292-801
1 1.71512 3.45154 170-194
1 1.87836 3.46662 701-833
1 2.75989 3.48667 862-991
1 2.24493 3.49883 357-840
1 1.76492 3.55036 676-981
1 3.39419 3.55152 382-885
1 2.5549 3.56336 387-954
1 2.31699 3.61989 504-991
1 2.04417 3.6291 206-452
1 3.06879 3.83721 125-840
1 2.09078 3.88412 265-765
1 1.7488 3.88427 133-304
1 2.2043 3.8906 12-747
1 2.58246 3.94776 781-803
1 1.81673 3.96386 168-608
1 3.21257 4.01095 256-336
1 3.47541 4.0193 10-229
1 2.14906 4.02977 243-593
2 3.98509 4.09586 162-747-865
1 2.40789 4.11575 505-944
1 2.06273 4.2011 394-716
1 3.47884 4.26091 769-845
1 2.44166 4.41571 457-699
1 3.73344 4.62432 326-984
1 1.96979 4.6309 163-706
1 1.70369 4.89145 92-450
2 5.34838 8.5 393-756-862
