0 0 8.5 0
0 0 0.0727493 612
0 0 0.0747413 974
0 0 0.0765367 627
0 0 0.08738 693
0 0 0.10351 441
0 0 0.105173 417
0 0 0.106669 994
0 0 0.108701 883
0 0 0.109248 827
0 0 0.120037 829
0 0 0.121283 771
0 0 0.123991 677
0 0 0.125107 336
0 0 0.137241 573
0 0 0.141957 961
0 0 0.144046 320
0 0 0.144441 177
0 0 0.149802 457
0 0 0.14989 972
0 0 0.151686 717
0 0 0.158062 906
0 0 0.158569 822
0 0 0.160621 978
0 0 0.161707 286
0 0 0.162944 560
0 0 0.166209 535
0 0 0.174454 648
0 0 0.176556 844
0 0 0.180848 628
0 0 0.183919 935
0 0 0.18479 123
0 0 0.184848 733
0 0 0.187756 265
0 0 0.187814 963
0 0 0.189873 51
0 0 0.192025 940
0 0 0.193278 816
0 0 0.19849 982
0 0 0.206125 753
0 0 0.209522 565
0 0 0.223091 669
0 0 0.225148 594
0 0 0.231202 989
0 0 0.232777 226
0 0 0.234963 767
0 0 0.236181 860
0 0 0.241197 618
0 0 0.243166 732
0 0 0.243705 838
0 0 0.244643 863
0 0 0.24576 386
0 0 0.250648 371
0 0 0.255548 967
0 0 0.255863 365
0 0 0.258146 354
0 0 0.259124 857
0 0 0.259162 89
0 0 0.263548 746
0 0 0.264758 461
0 0 0.266716 769
0 0 0.267871 395
0 0 0.269658 492
0 0 0.270765 559
0 0 0.273064 939
0 0 0.27379 700
0 0 0.27803 834
0 0 0.279269 375
0 0 0.283796 482
0 0 0.284432 894
0 0 0.290244 661
0 0 0.292923 495
0 0 0.293269 678
0 0 0.295329 422
0 0 0.296456 655
0 0 0.302569 620
0 0 0.303668 566
0 0 0.307448 267
0 0 0.307484 260
0 0 0.307865 542
0 0 0.308257 943
0 0 0.310042 901
0 0 0.316424 668
0 0 0.31833 872
0 0 0.318859 855
0 0 0.32301 645
0 0 0.324167 564
0 0 0.326907 879
0 0 0.327003 997
0 0 0.327461 724
0 0 0.329484 641
0 0 0.332211 644
0 0 0.332488 785
0 0 0.332546 521
0 0 0.33566 983
0 0 0.336287 930
0 0 0.336798 634
0 0 0.337406 175
0 0 0.33815 938
0 0 0.346291 696
0 0 0.347238 927
0 0 0.35096 376
0 0 0.35136 385
0 0 0.354174 664
0 0 0.355776 826
0 0 0.356919 547
0 0 0.358608 617
0 0 0.360101 735
0 0 0.363362 839
0 0 0.366397 819
0 0 0.368141 596
0 0 0.369916 334
0 0 0.371305 562
0 0 0.374264 987
0 0 0.374646 531
0 0 0.377245 342
0 0 0.378481 990
0 0 0.37882 973
0 0 0.381147 307
0 0 0.383232 335
0 0 0.383562 947
0 0 0.385719 469
0 0 0.388664 870
0 0 0.392195 646
0 0 0.393909 278
0 0 0.394771 473
0 0 0.397165 603
0 0 0.398106 563
0 0 0.400277 519
0 0 0.400802 836
0 0 0.402597 633
0 0 0.404907 158
0 0 0.407062 956
0 0 0.410003 232
0 0 0.41053 768
0 0 0.412649 804
0 0 0.413773 802
0 0 0.41518 530
0 0 0.415829 808
0 0 0.415908 739
0 0 0.416875 624
0 0 0.417341 727
0 0 0.417956 882
0 0 0.421318 754
0 0 0.423982 630
0 0 0.424187 615
0 0 0.426403 886
0 0 0.430016 703
0 0 0.431887 788
0 0 0.434251 399
0 0 0.434308 459
0 0 0.437338 916
0 0 0.438091 861
0 0 0.439542 774
0 0 0.443711 623
0 0 0.45176 653
0 0 0.452632 713
0 0 0.454103 508
0 0 0.454504 111
0 0 0.455153 650
0 0 0.455607 454
0 0 0.457104 718
0 0 0.457752 730
0 0 0.459095 902
0 0 0.461715 797
0 0 0.462137 588
0 0 0.465086 643
0 0 0.465356 782
0 0 0.46545 763
0 0 0.465661 864
0 0 0.466426 708
0 0 0.466454 204
0 0 0.467197 414
0 0 0.467304 358
0 0 0.46983 950
0 0 0.472696 451
0 0 0.473017 361
0 0 0.475299 496
0 0 0.479521 715
0 0 0.480278 675
0 0 0.481338 932
0 0 0.481815 899
0 0 0.482362 418
0 0 0.48614 408
0 0 0.488805 608
0 0 0.488975 988
0 0 0.491705 803
0 0 0.491926 470
0 0 0.492803 364
0 0 0.494645 613
0 0 0.495471 465
0 0 0.496998 288
0 0 0.497722 585
0 0 0.500033 356
0 0 0.50019 692
0 0 0.500294 619
0 0 0.501594 327
0 0 0.502111 590
0 0 0.502359 847
0 0 0.502797 780
0 0 0.503015 244
0 0 0.505356 750
0 0 0.506317 694
0 0 0.506704 931
0 0 0.508911 306
0 0 0.514382 33
0 0 0.52144 347
0 0 0.524166 723
0 0 0.526341 575
0 0 0.52647 806
0 0 0.527435 349
0 0 0.52805 949
0 0 0.52834 581
0 0 0.528708 254
0 0 0.529054 818
0 0 0.529264 960
0 0 0.530191 587
0 0 0.53205 387
0 0 0.533057 383
0 0 0.533492 964
0 0 0.535089 962
0 0 0.536028 516
0 0 0.537698 687
0 0 0.537736 638
0 0 0.539228 854
0 0 0.539493 698
0 0 0.541663 74
0 0 0.543105 824
0 0 0.544452 135
0 0 0.544595 239
0 0 0.544597 556
0 0 0.544728 837
0 0 0.545973 741
0 0 0.546445 929
0 0 0.54924 941
0 0 0.550881 70
0 0 0.550942 749
0 0 0.558174 649
0 0 0.558943 147
0 0 0.560153 275
0 0 0.563116 884
0 0 0.563726 394
0 0 0.564152 309
0 0 0.569725 719
0 0 0.569926 357
0 0 0.571194 272
0 0 0.573301 660
0 0 0.575518 752
0 0 0.57602 686
0 0 0.576441 474
0 0 0.577234 795
0 0 0.57826 877
0 0 0.578775 348
0 0 0.578907 933
0 0 0.579422 748
0 0 0.579586 37
0 0 0.579791 370
0 0 0.579846 425
0 0 0.581544 554
0 0 0.581888 213
0 0 0.582461 711
0 0 0.582643 555
0 0 0.583462 743
0 0 0.583814 910
0 0 0.585431 880
0 0 0.587448 526
0 0 0.587556 888
0 0 0.588281 907
0 0 0.588548 622
0 0 0.589291 881
0 0 0.589455 764
0 0 0.589645 487
0 0 0.59191 577
0 0 0.596505 497
0 0 0.597342 569
0 0 0.597935 245
0 0 0.599295 635
0 0 0.60075 583
0 0 0.601118 842
0 0 0.603874 238
0 0 0.604357 647
0 0 0.604949 179
0 0 0.606471 731
0 0 0.606913 759
0 0 0.606944 503
0 0 0.608096 710
0 0 0.608241 511
0 0 0.608742 360
0 0 0.609378 781
0 0 0.609446 799
0 0 0.609662 744
0 0 0.610278 833
0 0 0.610685 580
0 0 0.610918 477
0 0 0.611216 893
0 0 0.612085 363
0 0 0.615903 936
0 0 0.616708 790
0 0 0.6173 807
0 0 0.619719 524
0 0 0.620675 543
0 0 0.621057 685
0 0 0.621362 131
0 0 0.623197 865
0 0 0.623354 279
0 0 0.625219 584
0 0 0.625437 433
0 0 0.625487 96
0 0 0.625833 998
0 0 0.626942 674
0 0 0.627239 878
0 0 0.627555 766
0 0 0.628748 913
0 0 0.629118 918
0 0 0.630059 440
0 0 0.630298 439
0 0 0.630307 549
0 0 0.630673 192
0 0 0.631385 297
0 0 0.632877 762
0 0 0.632885 450
0 0 0.633748 794
0 0 0.635503 295
0 0 0.638153 312
0 0 0.638687 786
0 0 0.639288 103
0 0 0.639352 410
0 0 0.641003 40
0 0 0.642428 374
0 0 0.642833 169
0 0 0.644057 475
0 0 0.647917 444
0 0 0.649 258
0 0 0.649941 393
0 0 0.649969 80
0 0 0.651043 153
0 0 0.651285 269
0 0 0.653473 721
0 0 0.653669 242
0 0 0.654692 415
0 0 0.654812 381
0 0 0.656094 657
0 0 0.656565 821
0 0 0.6568 165
0 0 0.656938 500
0 0 0.657545 636
0 0 0.65792 501
0 0 0.659711 683
0 0 0.660808 955
0 0 0.664305 512
0 0 0.666089 904
0 0 0.666402 789
0 0 0.668465 255
0 0 0.669673 595
0 0 0.670875 695
0 0 0.671382 740
0 0 0.671532 820
0 0 0.672089 183
0 0 0.672505 485
0 0 0.672824 504
0 0 0.672935 351
0 0 0.676603 534
0 0 0.678254 128
0 0 0.679231 975
0 0 0.679856 958
0 0 0.683823 293
0 0 0.68555 756
0 0 0.686248 207
0 0 0.687418 435
0 0 0.688559 900
0 0 0.689722 579
0 0 0.691153 843
0 0 0.69196 321
0 0 0.692685 659
0 0 0.693068 390
0 0 0.69359 373
0 0 0.693941 745
0 0 0.694185 571
0 0 0.700486 851
0 0 0.703873 682
0 0 0.703877 316
0 0 0.707672 891
0 0 0.708947 233
0 0 0.709249 170
0 0 0.710485 914
0 0 0.710487 812
0 0 0.711361 466
0 0 0.711911 716
0 0 0.71252 463
0 0 0.716918 598
0 0 0.72021 553
0 0 0.720669 609
0 0 0.721221 640
0 0 0.721464 276
0 0 0.723165 770
0 0 0.723587 311
0 0 0.723606 458
0 0 0.724412 610
0 0 0.726268 201
0 0 0.726348 712
0 0 0.727376 407
0 0 0.728231 558
0 0 0.731479 791
0 0 0.732058 784
0 0 0.732648 486
0 0 0.733049 494
0 0 0.73333 235
0 0 0.733521 483
0 0 0.733804 639
0 0 0.734723 850
0 0 0.734899 830
0 0 0.735571 578
0 0 0.737026 923
0 0 0.737912 919
0 0 0.740461 369
0 0 0.74087 430
0 0 0.74119 607
0 0 0.741655 284
0 0 0.741946 895
0 0 0.743061 734
0 0 0.744678 800
0 0 0.744804 705
0 0 0.744954 424
0 0 0.74547 765
0 0 0.745868 27
0 0 0.750138 129
0 0 0.75131 681
0 0 0.751825 533
0 0 0.751982 737
0 0 0.753809 642
0 0 0.754937 726
0 0 0.755241 937
0 0 0.7564 777
0 0 0.756977 527
0 0 0.757095 793
0 0 0.759443 992
0 0 0.760624 389
0 0 0.761447 324
0 0 0.762536 572
0 0 0.763205 828
0 0 0.765013 676
0 0 0.765068 574
0 0 0.765209 125
0 0 0.766211 903
0 0 0.766374 920
0 0 0.766446 310
0 0 0.767608 672
0 0 0.768869 273
0 0 0.773142 898
0 0 0.775428 437
0 0 0.776492 502
0 0 0.776895 875
0 0 0.77958 380
0 0 0.780135 747
0 0 0.780729 308
0 0 0.781317 751
0 0 0.781364 101
0 0 0.781989 552
0 0 0.782943 702
0 0 0.784093 867
0 0 0.78446 71
0 0 0.7859 117
0 0 0.788385 548
0 0 0.789127 915
0 0 0.789799 779
0 0 0.790239 402
0 0 0.790408 266
0 0 0.793176 246
0 0 0.79326 122
0 0 0.796629 83
0 0 0.799262 24
0 0 0.802723 193
0 0 0.808794 965
0 0 0.810219 423
0 0 0.810797 343
0 0 0.811557 287
0 0 0.811962 84
0 0 0.812597 725
0 0 0.814219 540
0 0 0.815201 506
0 0 0.81534 605
0 0 0.817046 319
0 0 0.818417 616
0 0 0.818702 707
0 0 0.825428 966
0 0 0.825601 813
0 0 0.832813 339
0 0 0.836305 197
0 0 0.836858 701
0 0 0.837843 632
0 0 0.838518 190
0 0 0.840608 291
0 0 0.842747 252
0 0 0.842845 212
0 0 0.84297 651
0 0 0.846855 996
0 0 0.849036 856
0 0 0.849124 874
0 0 0.849313 105
0 0 0.849977 944
0 0 0.852456 993
0 0 0.858471 377
0 0 0.858514 969
0 0 0.860088 436
0 0 0.860872 738
0 0 0.861017 859
0 0 0.861504 869
0 0 0.869081 536
0 0 0.870602 155
0 0 0.870997 689
0 0 0.881343 986
1 0.830497 0.881761 41-526
0 0 0.881802 970
0 0 0.882765 280
0 0 0.883967 429
0 0 0.884792 809
0 0 0.884875 853
0 0 0.885313 259
0 0 0.886194 709
0 0 0.887441 467
0 0 0.887519 841
0 0 0.888766 656
0 0 0.890445 127
0 0 0.890464 815
0 0 0.891561 892
0 0 0.891737 568
0 0 0.893852 124
0 0 0.89408 728
0 0 0.895976 426
0 0 0.896116 679
0 0 0.897178 561
0 0 0.898034 866
0 0 0.899182 305
0 0 0.90136 897
0 0 0.901453 876
0 0 0.903716 614
0 0 0.904502 326
0 0 0.905709 180
0 0 0.907478 995
0 0 0.907545 814
0 0 0.90917 917
0 0 0.909608 849
0 0 0.909784 283
0 0 0.91166 406
0 0 0.913064 514
0 0 0.913493 126
0 0 0.91379 366
0 0 0.916401 171
0 0 0.916641 455
0 0 0.918407 846
0 0 0.918827 631
0 0 0.918963 484
0 0 0.918979 690
0 0 0.921207 388
0 0 0.922567 858
0 0 0.924067 787
0 0 0.928846 665
0 0 0.929596 758
0 0 0.930559 589
0 0 0.93127 977
0 0 0.93444 268
0 0 0.934506 582
0 0 0.934638 999
0 0 0.935217 490
0 0 0.936461 772
0 0 0.939086 384
0 0 0.9395 403
0 0 0.942156 835
0 0 0.945054 942
0 0 0.945191 240
0 0 0.949179 282
0 0 0.949824 742
0 0 0.950206 328
0 0 0.951613 132
0 0 0.951659 391
0 0 0.952758 592
0 0 0.954273 353
0 0 0.957527 195
0 0 0.958101 362
0 0 0.958573 528
0 0 0.960621 761
0 0 0.960883 413
0 0 0.96236 499
0 0 0.963621 453
0 0 0.964959 396
0 0 0.965792 405
0 0 0.965923 729
0 0 0.968659 151
0 0 0.969074 948
0 0 0.969217 428
0 0 0.969875 757
0 0 0.971216 45
0 0 0.971345 597
0 0 0.972012 460
0 0 0.972198 911
0 0 0.973394 337
0 0 0.973428 868
0 0 0.975509 688
0 0 0.977669 952
0 0 0.977848 154
0 0 0.978238 21
0 0 0.980589 313
0 0 0.981869 300
0 0 0.985199 570
0 0 0.985861 290
0 0 0.986114 113
0 0 0.987368 191
0 0 0.988034 198
0 0 0.98946 281
0 0 0.992188 586
0 0 0.992265 576
0 0 0.992439 599
0 0 0.994314 181
0 0 0.995564 541
0 0 0.995748 340
0 0 0.997514 77
0 0 0.998093 654
0 0 0.998388 106
0 0 0.998832 831
0 0 0.999836 666
0 0 1.00033 368
0 0 1.00061 926
0 0 1.00185 979
0 0 1.00331 606
0 0 1.00446 464
0 0 1.00467 912
0 0 1.00688 379
0 0 1.00809 202
0 0 1.00939 760
0 0 1.00945 152
0 0 1.01015 921
0 0 1.01015 221
0 0 1.01197 421
0 0 1.01248 755
0 0 1.01409 928
0 0 1.01564 680
0 0 1.01643 90
0 0 1.01808 825
0 0 1.01845 67
0 0 1.02114 667
0 0 1.02137 968
0 0 1.02238 908
0 0 1.02243 11
0 0 1.02481 116
0 0 1.02658 270
0 0 1.02896 330
0 0 1.02961 114
0 0 1.03281 538
0 0 1.03509 222
0 0 1.03546 55
0 0 1.03619 720
0 0 1.03707 871
0 0 1.0384 896
0 0 1.03856 629
0 0 1.03974 697
0 0 1.04008 378
0 0 1.04008 216
0 0 1.04048 72
0 0 1.04116 118
0 0 1.04231 140
0 0 1.04451 600
0 0 1.04545 160
0 0 1.04772 889
0 0 1.04869 925
0 0 1.04898 796
0 0 1.04915 976
0 0 1.0492 253
0 0 1.0495 338
0 0 1.05052 318
0 0 1.05116 199
0 0 1.05212 736
0 0 1.05516 188
0 0 1.05524 539
0 0 1.0553 805
0 0 1.05744 924
0 0 1.05886 400
0 0 1.06047 88
0 0 1.06063 372
0 0 1.06308 442
0 0 1.06473 985
0 0 1.06556 94
0 0 1.06643 792
0 0 1.06659 602
0 0 1.06865 449
0 0 1.0691 344
0 0 1.07152 85
0 0 1.07317 99
0 0 1.07364 517
0 0 1.07564 298
0 0 1.0767 954
0 0 1.07777 223
0 0 1.07791 196
0 0 1.08351 412
0 0 1.08497 663
0 0 1.08505 392
0 0 1.08528 523
0 0 1.08595 493
0 0 1.08622 8
0 0 1.08778 652
0 0 1.08833 75
0 0 1.0896 345
0 0 1.09095 518
0 0 1.09612 468
0 0 1.09636 520
0 0 1.09721 73
0 0 1.09891 355
0 0 1.10103 488
0 0 1.10163 817
0 0 1.10241 341
0 0 1.10435 658
0 0 1.10723 971
0 0 1.10796 294
0 0 1.10933 261
0 0 1.10952 20
0 0 1.1106 210
0 0 1.11098 162
0 0 1.111 299
0 0 1.11108 691
0 0 1.11348 984
0 0 1.11423 48
0 0 1.11509 333
0 0 1.11798 241
0 0 1.11825 448
0 0 1.11913 332
0 0 1.1194 205
0 0 1.12003 401
0 0 1.12212 714
0 0 1.12558 247
0 0 1.12708 176
0 0 1.13453 102
0 0 1.13826 367
0 0 1.13892 420
0 0 1.13981 591
1 1.05534 1.14022 154-353
0 0 1.14287 138
0 0 1.14287 49
0 0 1.14487 478
0 0 1.14846 481
0 0 1.15021 79
0 0 1.15053 18
0 0 1.1506 438
0 0 1.15084 981
0 0 1.15137 47
0 0 1.15218 509
0 0 1.15288 522
0 0 1.15384 432
0 0 1.15661 78
0 0 1.15733 776
0 0 1.158 31
0 0 1.16207 350
0 0 1.16398 136
0 0 1.16438 142
0 0 1.16701 1
0 0 1.16713 39
0 0 1.16906 16
0 0 1.17101 304
0 0 1.17151 28
1 1.02816 1.17475 689-884
0 0 1.17535 185
0 0 1.17645 32
0 0 1.17668 63
0 0 1.17698 248
0 0 1.17716 946
0 0 1.18304 15
0 0 1.184 670
0 0 1.1862 143
0 0 1.18952 243
0 0 1.18955 59
0 0 1.1918 498
0 0 1.19603 224
0 0 1.19747 480
0 0 1.19995 359
0 0 1.20233 54
0 0 1.20405 783
0 0 1.20601 801
0 0 1.20628 81
0 0 1.20704 419
1 0.86463 1.20798 751-879
0 0 1.21002 507
0 0 1.21006 489
0 0 1.21279 97
0 0 1.21368 567
0 0 1.21437 161
0 0 1.21688 722
1 1.16313 1.22268 373-782
0 0 1.22272 832
0 0 1.22354 60
0 0 1.22389 139
0 0 1.22451 100
0 0 1.22471 206
0 0 1.22526 662
0 0 1.22723 491
0 0 1.23213 873
0 0 1.23284 671
0 0 1.23548 673
0 0 1.23608 621
0 0 1.23709 76
0 0 1.23878 909
0 0 1.23889 285
0 0 1.23996 887
0 0 1.23999 5
0 0 1.24027 109
0 0 1.24328 289
0 0 1.24473 6
0 0 1.24691 130
0 0 1.24826 905
0 0 1.24874 257
0 0 1.24972 885
0 0 1.25124 471
0 0 1.25291 447
0 0 1.25431 922
0 0 1.25512 174
0 0 1.25557 251
0 0 1.2591 810
0 0 1.25984 227
0 0 1.25989 53
0 0 1.26058 823
0 0 1.26283 446
1 1.18076 1.26333 682-919
0 0 1.26416 699
0 0 1.26799 57
0 0 1.27031 811
0 0 1.27453 505
0 0 1.27957 46
0 0 1.28386 215
0 0 1.28452 951
0 0 1.29013 545
0 0 1.29101 178
0 0 1.29372 551
0 0 1.29406 41
0 0 1.29491 778
0 0 1.29495 416
1 1.23906 1.29525 180-966
0 0 1.29712 43
1 1.11429 1.29778 193-917
0 0 1.29849 301
0 0 1.29912 56
0 0 1.3037 68
0 0 1.30445 209
0 0 1.30681 137
0 0 1.30797 513
0 0 1.31068 315
0 0 1.31204 203
0 0 1.31209 773
0 0 1.31404 69
0 0 1.31638 959
0 0 1.32055 398
0 0 1.32103 852
0 0 1.32191 44
0 0 1.32315 98
0 0 1.32477 110
0 0 1.32526 14
0 0 1.32884 211
0 0 1.33453 230
0 0 1.33504 510
1 1.23742 1.33727 136-463
0 0 1.33975 537
0 0 1.34042 234
0 0 1.3416 431
0 0 1.34194 104
0 0 1.3436 2
0 0 1.34364 237
0 0 1.34391 52
0 0 1.34397 149
0 0 1.35347 352
0 0 1.35718 200
1 1.3574 8.5 737-761
0 0 1.35858 848
0 0 1.3625 25
0 0 1.36497 706
0 0 1.36605 550
0 0 1.36722 557
0 0 1.36813 115
0 0 1.37245 445
0 0 1.37335 220
0 0 1.37423 611
0 0 1.37568 331
1 1.08754 1.3772 368-477
0 0 1.37758 208
0 0 1.3809 82
0 0 1.38125 150
0 0 1.38153 249
0 0 1.38288 274
0 0 1.3854 980
0 0 1.38558 22
0 0 1.38659 411
0 0 1.38718 637
0 0 1.38853 452
0 0 1.39075 346
0 0 1.39134 7
1 1.33825 1.39284 511-680
0 0 1.39299 121
0 0 1.39318 292
0 0 1.40315 462
0 0 1.40365 112
0 0 1.405 704
0 0 1.40726 156
1 1.24967 1.41309 831-952
1 1.09973 1.41615 366-911
0 0 1.41834 626
0 0 1.42073 148
0 0 1.42179 91
0 0 1.43397 194
0 0 1.43437 798
0 0 1.43616 625
0 0 1.43626 684
0 0 1.43701 231
0 0 1.43967 397
0 0 1.44148 382
0 0 1.44288 93
0 0 1.44652 217
1 1.25388 1.44858 78-83
0 0 1.45078 120
0 0 1.4527 476
0 0 1.45793 146
0 0 1.4592 934
0 0 1.45957 108
0 0 1.46027 409
0 0 1.4605 277
0 0 1.46171 544
0 0 1.46985 525
0 0 1.47092 601
0 0 1.4722 427
0 0 1.47946 36
0 0 1.48312 38
0 0 1.48344 42
0 0 1.48359 325
0 0 1.48788 443
0 0 1.49027 4
1 1.28195 1.49353 574-630
0 0 1.49554 133
0 0 1.49611 314
1 1.33979 1.49867 677-739
0 0 1.50367 95
0 0 1.50714 30
0 0 1.50929 166
1 1.44376 1.50962 215-885
0 0 1.51384 173
0 0 1.52158 145
0 0 1.5222 10
1 1.37216 1.52325 327-728
0 0 1.52861 945
0 0 1.52964 264
0 0 1.52998 322
0 0 1.53316 87
0 0 1.53365 604
1 1.36423 1.54 83-624
0 0 1.5404 13
0 0 1.54337 35
0 0 1.54561 532
0 0 1.54693 957
1 1.31855 1.55141 319-395
0 0 1.55323 472
0 0 1.55431 23
0 0 1.55682 329
0 0 1.55951 141
0 0 1.56278 225
0 0 1.56484 775
0 0 1.56494 17
1 1.45513 1.565 740-808
0 0 1.56826 302
0 0 1.56895 228
0 0 1.58002 92
0 0 1.5831 479
0 0 1.58656 219
0 0 1.58762 9
1 1.35421 1.59369 475-631
1 1.41858 1.59555 238-735
1 1.38456 1.59822 666-754
1 1.36622 1.59891 57-584
0 0 1.60125 65
0 0 1.60339 434
1 1.3888 1.60991 674-811
0 0 1.61183 456
0 0 1.61274 134
0 0 1.61299 953
0 0 1.61401 250
0 0 1.61523 64
1 1.27378 1.61896 86-480
0 0 1.61993 182
0 0 1.62252 515
0 0 1.62811 262
0 0 1.63279 271
0 0 1.6334 119
0 0 1.63411 187
0 0 1.63944 172
1 1.56497 1.63976 124-243
0 0 1.64948 263
1 1.27746 1.65641 88-865
0 0 1.65726 66
0 0 1.65732 189
1 1.6621 8.5 219-562
1 1.5971 1.66299 588-866
0 0 1.66573 19
1 1.39397 1.67961 689-741
0 0 1.68729 86
0 0 1.69132 323
0 0 1.69662 890
1 1.62205 1.69863 502-709
0 0 1.70233 991
0 0 1.70851 157
0 0 1.71209 62
0 0 1.71579 164
1 1.65868 1.72 365-855
1 1.20752 1.72361 151-665
1 1.36283 1.73215 126-607
1 1.18212 1.73367 672-676
0 0 1.73417 50
0 0 1.73994 184
0 0 1.74049 167
1 1.61668 1.7413 332-428
1 1.6673 1.74278 268-396
0 0 1.7549 159
1 1.20881 1.75557 355-912
1 1.55144 1.76598 332-917
0 0 1.76851 546
1 1.528 1.77634 399-656
0 0 1.77994 214
0 0 1.78194 168
0 0 1.78239 404
0 0 1.78321 236
0 0 1.7841 12
1 1.35894 1.78482 54-887
0 0 1.79168 862
1 1.39022 1.79367 276-959
0 0 1.79533 186
0 0 1.80988 26
0 0 1.82145 163
1 1.76386 1.82931 640-778
1 1.7713 1.83199 188-960
1 1.59426 1.83453 428-614
1 1.51278 1.85609 355-959
1 1.57747 1.86305 150-604
0 0 1.86386 29
0 0 1.86625 593
0 0 1.87052 296
0 0 1.88527 107
0 0 1.89117 218
1 1.43115 1.89505 210-333
0 0 1.89863 34
1 1.70149 1.90546 127-391
1 1.71251 1.90859 187-401
0 0 1.911 256
1 1.82141 1.9129 517-975
0 0 1.91647 303
1 1.86167 1.92097 185-340
0 0 1.92097 58
0 0 1.92638 3
1 1.19556 1.9264 136-784
1 1.34934 1.92858 420-731
1 1.38475 1.93223 116-577
1 1.72358 1.93998 199-249
1 1.34623 1.94547 294-638
1 1.16333 1.94876 294-428
1 1.8084 1.9505 165-953
0 0 1.97015 229
1 1.31975 1.97366 126-740
0 0 1.98033 529
1 1.23526 1.98313 412-686
1 1.61531 1.9857 442-653
1 1.70527 2.0042 94-440
1 1.54312 2.00664 621-773
0 0 2.00902 144
1 1.96046 2.02072 189-263
1 1.42086 2.02434 567-873
1 1.77909 2.02686 149-925
1 1.9427 2.04144 201-734
0 0 2.05216 840
1 1.70746 2.07757 603-817
1 2.01924 2.08315 202-887
1 1.9537 2.08712 549-626
1 1.81218 2.09278 283-644
1 1.5781 2.11015 161-625
1 1.6916 2.11815 67-238
1 1.47907 2.13998 599-777
1 1.84432 2.14256 109-221
1 2.06599 2.14422 4-214
1 1.77524 2.16017 431-936
1 1.83568 2.16406 28-98
1 1.69401 2.1692 191-635
1 2.0762 2.1707 87-104
1 2.00165 2.18016 314-316
1 1.94412 2.19132 658-871
0 0 2.20591 317
1 1.87376 2.21251 134-812
0 0 2.21724 61
1 1.51457 2.23798 45-877
1 1.89553 2.2548 422-892
1 1.35574 2.26464 841-936
1 1.50343 2.278 473-702
1 2.17784 2.28403 50-184
1 1.72379 2.28745 346-946
1 2.22961 2.3014 143-789
1 1.58954 2.30887 555-794
1 2.22064 2.31058 593-809
1 2.00438 2.31415 525-736
1 1.93967 2.31606 138-322
1 2.1877 2.3184 1-432
1 1.8224 2.32283 348-611
0 0 2.3363 845
1 2.16431 2.33759 231-682
1 2.2212 2.33978 253-405
1 1.50625 2.35435 555-720
1 1.66954 2.38938 187-244
1 1.72835 2.40015 211-943
1 1.97535 2.40688 436-663
1 2.30184 2.41902 741-970
1 1.54367 2.42889 568-600
1 2.26785 2.43389 189-969
1 1.62623 2.45264 753-822
1 1.80428 2.45667 30-960
1 1.90271 2.46625 159-722
1 1.62572 2.47506 257-953
1 1.54061 2.48098 930-934
1 2.18529 2.48403 524-805
1 2.32479 2.48826 915-922
1 2.40419 2.49111 58-350
1 2.32269 2.49202 80-664
1 1.80228 2.51797 202-310
1 2.03042 2.53992 95-753
1 2.42997 2.54209 35-245
1 1.76311 2.55154 299-491
1 2.36187 2.55331 251-557
1 1.50073 2.55357 38-352
1 1.72743 2.56552 392-671
1 2.00499 2.56942 743-778
1 1.75289 2.5744 812-860
1 1.48814 2.57542 43-91
1 1.9006 2.57871 237-743
1 2.16512 2.58949 261-482
1 2.35538 2.59491 452-831
1 2.35295 2.64736 164-524
1 2.4151 2.64885 272-759
1 1.69967 2.65063 652-850
1 2.55269 2.6524 270-950
1 2.48331 2.65377 262-434
1 2.31938 2.65386 76-229
1 2.38091 2.66014 632-921
1 2.24247 2.66649 557-601
1 1.72413 2.67085 13-923
1 2.49087 2.67638 302-779
1 1.6932 2.68199 220-775
1 1.91721 2.69289 4-843
1 1.91777 2.70288 164-864
1 2.0026 2.721 462-585
1 2.22543 2.74559 190-861
1 2.02253 2.77039 248-385
1 2.67968 2.77097 513-957
1 2.41942 2.77199 307-945
1 1.81663 2.78994 274-405
1 2.64671 2.79307 236-954
1 2.60183 2.80378 61-488
1 2.51056 2.81192 280-462
1 2.61704 2.81578 468-629
1 2.17505 2.82447 225-848
1 2.50718 2.84885 187-839
1 2.01453 2.85195 90-447
1 1.59496 2.87466 130-414
1 2.15932 2.88345 290-340
1 2.4525 2.90682 290-916
1 1.78651 2.90937 96-289
1 2.26202 2.9094 115-934
1 2.03048 2.91537 200-296
1 1.67579 2.9181 359-837
1 2.54243 2.93697 217-416
1 2.77382 2.94099 352-706
1 1.76416 2.94365 184-980
1 2.34245 2.94541 145-228
1 1.94956 2.94619 7-398
1 2.01369 2.9464 313-416
1 2.4801 2.94805 87-998
1 1.98237 2.95971 58-715
1 2.23007 2.96267 214-945
1 1.96153 2.97024 215-397
1 1.97408 2.98191 646-796
1 2.58435 2.99752 451-547
1 2.68384 3.02373 298-836
1 2.69048 3.02419 191-935
1 2.77735 3.06075 101-904
1 2.89884 3.0671 218-681
1 2.89831 3.08523 317-699
1 2.61433 3.09716 313-529
1 1.68023 3.1053 234-915
1 2.89846 3.1279 935-965
1 2.00344 3.13669 611-634
1 2.17149 3.15485 129-926
1 1.58308 3.16295 314-908
1 2.4473 3.16789 217-529
1 2.48681 3.19444 337-550
1 2.4166 3.195 159-230
1 2.91601 3.20104 601-766
1 2.81149 3.20754 323-845
1 2.69008 3.21202 285-991
1 1.73019 3.21713 671-986
1 2.18684 3.21897 472-497
1 1.40612 3.24702 82-190
1 1.94278 3.25838 466-980
1 2.61019 3.26132 434-550
1 2.36965 3.31215 325-456
1 3.26233 3.32529 606-986
1 2.13972 3.33731 161-271
1 2.365 3.4078 301-683
1 1.80975 3.41179 292-801
1 1.90578 3.4154 287-981
1 2.66407 3.42272 862-991
1 1.69988 3.45647 170-194
1 1.80492 3.46207 133-304
1 2.2789 3.48906 357-840
1 3.29639 3.51237 382-885
1 1.74523 3.52144 92-450
1 1.82239 3.5291 701-833
1 2.5989 3.58236 387-954
1 2.29485 3.61198 504-991
1 2.16774 3.67069 206-452
1 1.79484 3.80571 203-985
1 2.23703 3.82709 12-132
1 3.10402 3.83451 125-840
1 2.14095 3.88859 265-765
1 3.41685 3.92578 10-229
1 2.59948 3.93936 635-781
1 1.8094 4.01925 168-608
1 3.21458 4.02264 256-336
1 2.13626 4.06431 243-593
2 3.94216 4.068 162-747-865
1 2.42086 4.16369 505-944
1 2.06437 4.21437 394-716
1 3.49857 4.2766 769-845
1 2.40656 4.36982 457-699
1 3.71008 4.63879 326-984
1 2.01083 4.72038 163-706
1 1.71334 4.9031 676-981
2 5.28493 8.5 393-756-862
