0 0 8.5 0
0 0 0.0787626 693
0 0 0.0817933 417
0 0 0.0933933 648
0 0 0.0954859 441
0 0 0.104013 974
0 0 0.106521 994
0 0 0.106875 771
0 0 0.109493 286
0 0 0.111166 829
0 0 0.114807 827
0 0 0.114953 717
0 0 0.120692 628
0 0 0.138953 883
0 0 0.140118 700
0 0 0.142962 535
0 0 0.143146 612
0 0 0.143849 961
0 0 0.14607 560
0 0 0.152238 746
0 0 0.154468 336
0 0 0.155887 320
0 0 0.156372 982
0 0 0.156547 963
0 0 0.156807 177
0 0 0.160773 573
0 0 0.162571 935
0 0 0.164187 834
0 0 0.167379 395
0 0 0.16821 594
0 0 0.169259 457
0 0 0.175655 565
0 0 0.176613 972
0 0 0.177694 733
0 0 0.180659 753
0 0 0.184192 677
0 0 0.193022 422
0 0 0.194614 655
0 0 0.196559 906
0 0 0.199903 967
0 0 0.206134 51
0 0 0.208237 265
0 0 0.214288 863
0 0 0.220364 857
0 0 0.223963 822
0 0 0.224617 844
0 0 0.228393 123
0 0 0.231703 940
0 0 0.233174 618
0 0 0.234014 769
0 0 0.235418 816
0 0 0.239078 767
0 0 0.241648 735
0 0 0.241707 989
0 0 0.242278 365
0 0 0.246904 354
0 0 0.249983 978
0 0 0.251521 669
0 0 0.260341 89
0 0 0.261593 267
0 0 0.263217 732
0 0 0.26358 939
0 0 0.266444 644
0 0 0.267604 620
0 0 0.268142 668
0 0 0.270246 661
0 0 0.273827 838
0 0 0.275011 826
0 0 0.277331 371
0 0 0.280721 860
0 0 0.281957 641
0 0 0.283086 901
0 0 0.284468 461
0 0 0.286024 386
0 0 0.291047 645
0 0 0.29787 785
0 0 0.300268 973
0 0 0.300313 385
0 0 0.30108 559
0 0 0.302028 855
0 0 0.30212 226
0 0 0.302875 894
0 0 0.3049 375
0 0 0.305009 473
0 0 0.305146 879
0 0 0.30927 839
0 0 0.309455 564
0 0 0.310804 492
0 0 0.319451 872
0 0 0.330568 531
0 0 0.332026 947
0 0 0.339683 342
0 0 0.340609 482
0 0 0.342786 943
0 0 0.344229 547
0 0 0.345848 495
0 0 0.347068 990
0 0 0.348408 519
0 0 0.348433 768
0 0 0.354034 542
0 0 0.356371 596
0 0 0.359418 399
0 0 0.359789 376
0 0 0.36016 678
0 0 0.362181 870
0 0 0.363309 335
0 0 0.364733 703
0 0 0.366895 278
0 0 0.370082 530
0 0 0.372959 956
0 0 0.375614 175
0 0 0.376961 819
0 0 0.383277 521
0 0 0.383355 797
0 0 0.383451 997
0 0 0.383713 664
0 0 0.384372 260
0 0 0.386607 983
0 0 0.389995 624
0 0 0.394075 634
0 0 0.399167 763
0 0 0.399626 158
0 0 0.399719 347
0 0 0.400797 696
0 0 0.40144 927
0 0 0.401771 566
0 0 0.402644 603
0 0 0.405771 204
0 0 0.406203 469
0 0 0.410426 916
0 0 0.41287 459
0 0 0.41326 563
0 0 0.413826 334
0 0 0.414318 724
0 0 0.414401 730
0 0 0.415951 938
0 0 0.416607 930
0 0 0.421101 754
0 0 0.421762 987
0 0 0.425326 562
0 0 0.425935 739
0 0 0.426464 588
0 0 0.429312 465
0 0 0.429385 307
0 0 0.431323 774
0 0 0.433913 617
0 0 0.434473 633
0 0 0.436297 613
0 0 0.437724 902
0 0 0.437735 306
0 0 0.440583 899
0 0 0.440662 782
0 0 0.443991 708
0 0 0.446205 727
0 0 0.451056 808
0 0 0.451418 932
0 0 0.456171 802
0 0 0.458208 804
0 0 0.458752 496
0 0 0.459622 623
0 0 0.460242 988
0 0 0.460439 630
0 0 0.460634 615
0 0 0.46239 847
0 0 0.463715 454
0 0 0.466365 675
0 0 0.46664 643
0 0 0.467937 861
0 0 0.473446 836
0 0 0.479271 741
0 0 0.479775 361
0 0 0.48015 587
0 0 0.480796 780
0 0 0.481018 646
0 0 0.481036 356
0 0 0.481993 650
0 0 0.485329 788
0 0 0.485939 357
0 0 0.490175 387
0 0 0.49112 254
0 0 0.49113 713
0 0 0.491651 585
0 0 0.492573 244
0 0 0.493056 370
0 0 0.497104 232
0 0 0.500615 418
0 0 0.500785 882
0 0 0.501522 556
0 0 0.501638 288
0 0 0.502535 687
0 0 0.50335 910
0 0 0.503878 806
0 0 0.505399 111
0 0 0.506325 950
0 0 0.508638 358
0 0 0.508953 803
0 0 0.509937 638
0 0 0.510175 414
0 0 0.511811 364
0 0 0.513666 272
0 0 0.514021 964
0 0 0.514026 508
0 0 0.515399 818
0 0 0.519112 931
0 0 0.521293 653
0 0 0.521857 660
0 0 0.523178 723
0 0 0.523841 70
0 0 0.524262 711
0 0 0.524681 477
0 0 0.526205 470
0 0 0.52644 33
0 0 0.527031 748
0 0 0.527613 698
0 0 0.530026 500
0 0 0.530045 474
0 0 0.530046 795
0 0 0.53043 886
0 0 0.530828 649
0 0 0.530856 147
0 0 0.530942 619
0 0 0.531372 907
0 0 0.532866 408
0 0 0.533258 327
0 0 0.536149 936
0 0 0.538175 608
0 0 0.541049 962
0 0 0.542517 74
0 0 0.544079 694
0 0 0.544733 135
0 0 0.545248 715
0 0 0.54585 941
0 0 0.546252 718
0 0 0.546318 549
0 0 0.54825 880
0 0 0.549863 837
0 0 0.549955 349
0 0 0.55009 516
0 0 0.552025 692
0 0 0.552619 756
0 0 0.554264 933
0 0 0.556719 914
0 0 0.557168 881
0 0 0.559135 153
0 0 0.560848 786
0 0 0.56213 309
0 0 0.563612 719
0 0 0.56563 440
0 0 0.566137 393
0 0 0.566485 750
0 0 0.566928 575
0 0 0.568613 581
0 0 0.56946 103
0 0 0.569799 878
0 0 0.570142 451
0 0 0.570744 865
0 0 0.571006 40
0 0 0.574312 766
0 0 0.574456 526
0 0 0.574499 583
0 0 0.575032 503
0 0 0.575374 37
0 0 0.57543 929
0 0 0.57579 864
0 0 0.577108 239
0 0 0.578145 348
0 0 0.578234 743
0 0 0.57833 383
0 0 0.581271 543
0 0 0.581999 569
0 0 0.582396 877
0 0 0.582991 749
0 0 0.58302 297
0 0 0.584123 764
0 0 0.585188 888
0 0 0.585191 554
0 0 0.585993 524
0 0 0.587515 179
0 0 0.588642 949
0 0 0.588722 439
0 0 0.590434 415
0 0 0.590932 657
0 0 0.592117 794
0 0 0.595008 686
0 0 0.598264 884
0 0 0.598315 577
0 0 0.598442 731
0 0 0.59868 635
0 0 0.599328 555
0 0 0.601209 744
0 0 0.601618 487
0 0 0.602496 213
0 0 0.604094 659
0 0 0.605064 752
0 0 0.60577 759
0 0 0.605994 721
0 0 0.607383 511
0 0 0.607619 695
0 0 0.610424 790
0 0 0.611125 170
0 0 0.613449 590
0 0 0.61437 781
0 0 0.61547 245
0 0 0.615681 918
0 0 0.6158 784
0 0 0.616382 425
0 0 0.616653 833
0 0 0.617319 674
0 0 0.617408 960
0 0 0.618053 131
0 0 0.620192 842
0 0 0.620437 584
0 0 0.623011 96
0 0 0.623937 501
0 0 0.624071 363
0 0 0.625346 622
0 0 0.627291 279
0 0 0.628238 238
0 0 0.628768 998
0 0 0.628907 435
0 0 0.628924 394
0 0 0.629906 390
0 0 0.630467 824
0 0 0.63175 854
0 0 0.631963 410
0 0 0.632271 799
0 0 0.632522 504
0 0 0.632635 685
0 0 0.634671 475
0 0 0.637151 958
0 0 0.638064 843
0 0 0.638973 579
0 0 0.639322 183
0 0 0.640216 580
0 0 0.640752 381
0 0 0.643582 610
0 0 0.643911 293
0 0 0.647038 807
0 0 0.647055 80
0 0 0.647491 295
0 0 0.64839 762
0 0 0.650696 893
0 0 0.652772 647
0 0 0.655382 975
0 0 0.65629 913
0 0 0.656568 820
0 0 0.657636 851
0 0 0.658078 450
0 0 0.659201 389
0 0 0.660037 242
0 0 0.660441 192
0 0 0.662463 165
0 0 0.664577 374
0 0 0.665585 900
0 0 0.66839 683
0 0 0.671669 789
0 0 0.673087 558
0 0 0.67376 424
0 0 0.675804 360
0 0 0.677894 895
0 0 0.678429 904
0 0 0.681023 269
0 0 0.68111 351
0 0 0.682834 316
0 0 0.685454 821
0 0 0.68646 321
0 0 0.687431 765
0 0 0.692716 275
0 0 0.692964 373
0 0 0.694673 791
0 0 0.695568 169
0 0 0.695836 312
0 0 0.696167 702
0 0 0.696465 740
0 0 0.696995 919
0 0 0.697621 444
0 0 0.70121 494
0 0 0.701759 276
0 0 0.708877 598
0 0 0.709161 458
0 0 0.710595 207
0 0 0.711415 710
0 0 0.711609 595
0 0 0.712105 712
0 0 0.71351 830
0 0 0.714784 891
0 0 0.715563 497
0 0 0.717446 101
0 0 0.717515 463
0 0 0.717762 485
0 0 0.71895 636
0 0 0.725879 512
0 0 0.727491 233
0 0 0.727886 726
0 0 0.728352 734
0 0 0.729695 486
0 0 0.732775 903
0 0 0.733429 642
0 0 0.733533 800
0 0 0.737217 676
0 0 0.738482 433
0 0 0.740069 369
0 0 0.740181 682
0 0 0.740286 609
0 0 0.741203 201
0 0 0.742305 716
0 0 0.742412 828
0 0 0.74308 287
0 0 0.743247 578
0 0 0.743287 258
0 0 0.743342 533
0 0 0.744823 793
0 0 0.745746 255
0 0 0.746024 128
0 0 0.746556 430
0 0 0.74713 437
0 0 0.748281 527
0 0 0.749062 737
0 0 0.7508 850
0 0 0.751213 992
0 0 0.751532 572
0 0 0.751533 534
0 0 0.752056 83
0 0 0.752367 616
0 0 0.752386 273
0 0 0.75447 125
0 0 0.75714 875
0 0 0.758747 770
0 0 0.759445 407
0 0 0.760125 639
0 0 0.760977 672
0 0 0.763324 705
0 0 0.765393 24
0 0 0.76576 84
0 0 0.765845 937
0 0 0.766053 553
0 0 0.767556 402
0 0 0.768122 466
0 0 0.768431 955
0 0 0.768498 308
0 0 0.769334 71
0 0 0.769496 483
0 0 0.770382 965
0 0 0.770808 571
0 0 0.772601 681
0 0 0.773676 311
0 0 0.774033 812
0 0 0.774813 129
0 0 0.776538 853
0 0 0.776819 651
0 0 0.778254 548
0 0 0.779707 751
0 0 0.780629 605
0 0 0.785138 319
0 0 0.785139 779
0 0 0.785794 607
0 0 0.785846 235
0 0 0.788178 540
0 0 0.790363 284
0 0 0.790653 923
0 0 0.793986 310
0 0 0.794115 747
0 0 0.794266 869
0 0 0.794944 27
0 0 0.79538 867
0 0 0.799035 117
0 0 0.802364 725
0 0 0.804829 640
0 0 0.80735 536
0 0 0.808588 212
0 0 0.808683 898
0 0 0.811892 707
0 0 0.812886 122
0 0 0.814976 380
0 0 0.818646 701
0 0 0.820432 920
0 0 0.82143 193
0 0 0.822265 813
0 0 0.822572 915
0 0 0.824262 745
0 0 0.824432 339
0 0 0.826907 996
0 0 0.826988 436
0 0 0.827683 944
0 0 0.827819 324
0 0 0.828834 291
0 0 0.829044 105
0 0 0.83351 506
0 0 0.837717 977
0 0 0.837932 502
0 0 0.839654 429
0 0 0.839873 423
0 0 0.840564 197
0 0 0.841681 709
0 0 0.841736 574
0 0 0.844907 859
0 0 0.845349 190
0 0 0.846397 874
0 0 0.847988 552
0 0 0.849726 632
0 0 0.852327 738
0 0 0.852467 969
0 0 0.852717 856
0 0 0.855409 280
0 0 0.859224 343
0 0 0.861154 155
0 0 0.861579 966
0 0 0.867298 266
0 0 0.867645 679
0 0 0.869209 127
0 0 0.881801 942
0 0 0.882013 326
0 0 0.884352 246
0 0 0.88548 484
0 0 0.892833 126
0 0 0.892838 561
0 0 0.894133 835
0 0 0.894277 464
0 0 0.895795 814
0 0 0.896138 403
0 0 0.897271 366
0 0 0.898217 809
0 0 0.898834 849
0 0 0.901057 995
0 0 0.901722 499
0 0 0.9036 777
0 0 0.903969 391
0 0 0.903998 328
0 0 0.906318 614
0 0 0.907902 270
0 0 0.909373 866
0 0 0.910236 124
0 0 0.910851 455
0 0 0.910977 846
0 0 0.912166 589
0 0 0.912852 787
0 0 0.913134 993
0 0 0.91345 892
0 0 0.914413 761
0 0 0.917179 815
0 0 0.91856 191
0 0 0.918683 467
0 0 0.918798 426
0 0 0.919582 688
0 0 0.920112 728
0 0 0.920383 897
0 0 0.924974 428
0 0 0.925528 388
0 0 0.925543 896
0 0 0.929205 924
0 0 0.929306 305
0 0 0.930823 240
0 0 0.931025 132
0 0 0.93279 377
0 0 0.933477 514
0 0 0.934275 396
0 0 0.934484 948
0 0 0.935274 582
0 0 0.935306 986
0 0 0.937727 911
0 0 0.937778 379
0 0 0.93838 917
0 0 0.938921 405
0 0 0.939104 970
0 0 0.940609 353
0 0 0.942367 656
0 0 0.942826 876
0 0 0.943821 259
0 0 0.94388 45
0 0 0.944409 252
0 0 0.94524 729
0 0 0.946034 697
0 0 0.946852 772
0 0 0.946872 384
0 0 0.948035 665
0 0 0.948947 758
0 0 0.949129 592
0 0 0.949176 113
0 0 0.950521 568
0 0 0.950786 597
0 0 0.951003 21
0 0 0.951679 689
0 0 0.95414 631
0 0 0.955042 928
0 0 0.95523 171
0 0 0.955298 952
0 0 0.955586 362
0 0 0.956136 340
0 0 0.959887 979
0 0 0.961271 300
0 0 0.962158 11
0 0 0.963282 541
0 0 0.963808 742
0 0 0.964449 195
0 0 0.96574 528
0 0 0.966038 368
0 0 0.96992 490
0 0 0.970245 283
0 0 0.970678 841
0 0 0.973377 720
0 0 0.974618 181
0 0 0.974752 202
0 0 0.977425 180
0 0 0.978857 570
0 0 0.980046 151
0 0 0.981381 629
0 0 0.981683 912
0 0 0.985582 868
0 0 0.985809 926
0 0 0.989298 460
0 0 0.990139 268
0 0 0.992578 406
0 0 0.992627 667
0 0 0.992799 313
0 0 0.994413 94
0 0 0.995963 666
0 0 0.996002 290
0 0 0.998174 654
0 0 0.999417 921
0 0 1.00012 539
0 0 1.00137 222
0 0 1.00183 976
0 0 1.00241 757
0 0 1.00292 77
0 0 1.00525 330
0 0 1.00698 538
0 0 1.00838 216
0 0 1.00914 55
0 0 1.00965 282
0 0 1.01013 825
0 0 1.01139 999
0 0 1.012 680
0 0 1.01206 871
0 0 1.01842 90
0 0 1.01937 221
0 0 1.02579 152
0 0 1.02684 796
0 0 1.02728 453
0 0 1.02751 88
0 0 1.02788 908
0 0 1.02834 968
0 0 1.03046 985
0 0 1.03242 858
0 0 1.03285 576
0 0 1.03526 413
0 0 1.03749 602
0 0 1.04056 954
0 0 1.04494 198
0 0 1.04531 755
0 0 1.04609 600
0 0 1.04641 253
0 0 1.0468 298
0 0 1.05019 400
0 0 1.05056 154
0 0 1.05152 281
0 0 1.05161 196
0 0 1.05187 205
0 0 1.05193 401
0 0 1.05337 118
0 0 1.05444 337
0 0 1.05534 760
0 0 1.05573 116
0 0 1.05657 223
0 0 1.05722 160
0 0 1.05812 99
0 0 1.0588 691
0 0 1.06086 817
0 0 1.06325 188
0 0 1.06455 241
0 0 1.06457 75
0 0 1.06561 18
0 0 1.06598 606
0 0 1.06673 421
0 0 1.06707 971
0 0 1.06778 432
0 0 1.06799 20
0 0 1.06804 318
0 0 1.06883 299
0 0 1.07129 493
0 0 1.07228 412
0 0 1.07272 378
0 0 1.07291 210
0 0 1.07306 448
0 0 1.0735 392
0 0 1.07407 520
0 0 1.07785 523
0 0 1.07828 344
0 0 1.07915 805
0 0 1.08069 599
0 0 1.08122 114
0 0 1.08221 138
0 0 1.08232 925
0 0 1.08286 478
0 0 1.08456 338
0 0 1.08477 261
0 0 1.08649 449
0 0 1.08663 162
0 0 1.0876 518
0 0 1.0881 140
0 0 1.08849 106
0 0 1.08995 199
0 0 1.09091 586
0 0 1.09221 72
0 0 1.09473 522
0 0 1.09512 142
0 0 1.09571 690
0 0 1.09736 294
0 0 1.09746 176
0 0 1.10051 73
0 0 1.10109 355
0 0 1.10312 468
0 0 1.10604 367
0 0 1.10748 792
0 0 1.11 78
0 0 1.11138 247
0 0 1.11139 341
0 0 1.11155 889
0 0 1.11161 663
0 0 1.11252 48
0 0 1.11449 831
0 0 1.11483 67
0 0 1.11522 481
0 0 1.11571 243
0 0 1.1168 946
0 0 1.11758 984
0 0 1.1194 304
0 0 1.12055 333
0 0 1.12068 442
0 0 1.12766 332
0 0 1.12767 16
0 0 1.12795 652
0 0 1.12929 372
0 0 1.12972 420
0 0 1.1305 345
0 0 1.1329 28
0 0 1.13362 224
0 0 1.13415 714
0 0 1.13457 658
0 0 1.13924 102
0 0 1.14156 76
0 0 1.14279 517
0 0 1.14477 776
0 0 1.14479 31
1 1.08823 1.14766 1-880
0 0 1.1497 49
0 0 1.14982 100
0 0 1.15232 736
0 0 1.15374 8
0 0 1.15561 59
0 0 1.15579 1
0 0 1.16175 143
0 0 1.16201 591
0 0 1.16604 54
0 0 1.16716 15
0 0 1.16791 507
0 0 1.16949 801
0 0 1.16958 832
0 0 1.16997 63
0 0 1.17162 39
0 0 1.17175 60
0 0 1.17188 85
1 1.12275 1.17406 273-403
0 0 1.1802 136
0 0 1.18352 489
0 0 1.18438 79
0 0 1.18762 488
0 0 1.18851 161
0 0 1.19093 174
0 0 1.19312 185
0 0 1.1933 139
0 0 1.19471 981
0 0 1.19938 662
0 0 1.19941 509
0 0 1.2003 350
0 0 1.2013 419
0 0 1.20428 178
0 0 1.20743 673
0 0 1.20973 109
0 0 1.2098 32
0 0 1.21316 670
0 0 1.21367 722
0 0 1.21643 257
0 0 1.21692 778
0 0 1.21937 97
0 0 1.21987 57
1 1.03845 1.22155 689-884
0 0 1.22464 44
0 0 1.22491 47
0 0 1.22603 480
0 0 1.22683 251
0 0 1.2277 491
0 0 1.22858 438
0 0 1.22863 783
0 0 1.23013 359
1 1.10091 1.23325 154-353
0 0 1.24001 567
0 0 1.2408 206
0 0 1.24681 248
0 0 1.24702 621
0 0 1.24875 699
0 0 1.25005 823
0 0 1.25071 446
0 0 1.25172 130
0 0 1.25285 810
0 0 1.25422 215
0 0 1.25504 885
0 0 1.25544 285
0 0 1.25566 671
0 0 1.25875 951
1 1.1709 1.25954 373-782
0 0 1.25972 227
0 0 1.26053 301
0 0 1.26218 498
0 0 1.26623 5
1 0.922988 1.26753 751-879
0 0 1.26846 447
0 0 1.27295 922
0 0 1.27486 416
0 0 1.27565 46
0 0 1.28076 905
0 0 1.28336 6
0 0 1.28431 53
0 0 1.28833 505
0 0 1.29092 68
0 0 1.29535 137
0 0 1.29578 41
0 0 1.29733 289
1 1.15124 1.29762 682-919
0 0 1.29864 887
0 0 1.2991 706
0 0 1.30111 909
0 0 1.30113 811
0 0 1.30176 81
0 0 1.30226 398
0 0 1.30375 852
0 0 1.304 56
0 0 1.30507 431
0 0 1.30776 352
0 0 1.30944 200
0 0 1.31334 208
0 0 1.3134 704
0 0 1.31407 14
0 0 1.3153 471
0 0 1.31818 848
1 1.0978 1.3211 193-917
0 0 1.32666 959
0 0 1.32713 537
0 0 1.33264 104
0 0 1.33277 230
0 0 1.33422 637
0 0 1.33529 149
0 0 1.33553 52
0 0 1.33615 545
0 0 1.3377 551
0 0 1.34232 211
0 0 1.34355 98
0 0 1.34683 684
0 0 1.34708 445
0 0 1.34814 315
0 0 1.34974 69
0 0 1.35229 209
0 0 1.35231 510
0 0 1.3564 773
0 0 1.35878 43
0 0 1.35878 7
0 0 1.36024 2
0 0 1.36076 110
0 0 1.36136 22
0 0 1.3614 873
0 0 1.36333 237
0 0 1.37187 115
1 1.28914 1.37193 747-830
0 0 1.37288 150
0 0 1.37428 112
0 0 1.37571 234
0 0 1.37985 91
0 0 1.38072 203
1 1.3817 8.5 260-710
0 0 1.38174 382
0 0 1.38258 220
0 0 1.38339 148
0 0 1.38432 513
0 0 1.38529 557
0 0 1.38728 274
0 0 1.38871 82
0 0 1.39073 346
0 0 1.39241 626
0 0 1.39389 292
0 0 1.39446 325
0 0 1.39488 194
0 0 1.39581 249
0 0 1.39796 409
0 0 1.39842 411
0 0 1.39947 25
0 0 1.40219 452
1 1.08435 1.40309 366-919
0 0 1.40468 980
1 1.11495 1.41 368-459
0 0 1.4172 625
0 0 1.42041 121
0 0 1.42157 156
1 1.3125 1.42189 258-884
0 0 1.42474 146
0 0 1.42536 476
0 0 1.43053 173
1 1.30608 1.43077 831-952
1 1.3616 1.43143 511-680
0 0 1.4397 479
0 0 1.44552 544
0 0 1.44741 550
0 0 1.44865 798
0 0 1.45002 108
0 0 1.45078 120
0 0 1.45397 36
0 0 1.45543 611
0 0 1.45684 322
0 0 1.46086 462
0 0 1.46102 934
0 0 1.46214 217
0 0 1.46358 314
0 0 1.46409 231
0 0 1.46414 42
0 0 1.46582 427
1 1.29221 1.46713 78-83
0 0 1.47549 331
0 0 1.47731 397
0 0 1.48049 525
1 1.33804 1.48328 655-739
0 0 1.48523 601
0 0 1.4892 443
0 0 1.49031 133
1 1.21336 1.49785 185-558
0 0 1.49793 953
0 0 1.49986 35
0 0 1.50219 30
0 0 1.50556 87
0 0 1.50795 302
0 0 1.50906 277
0 0 1.50986 93
1 1.45523 1.51006 192-990
0 0 1.5101 13
0 0 1.51191 145
0 0 1.51235 945
0 0 1.52293 957
0 0 1.52315 10
0 0 1.52325 456
1 1.25113 1.52498 319-838
0 0 1.53158 38
0 0 1.53166 4
1 1.42627 1.53217 83-624
0 0 1.53285 472
1 1.39503 1.53593 327-728
0 0 1.54334 604
0 0 1.54338 225
0 0 1.54672 95
0 0 1.54873 64
0 0 1.55385 17
0 0 1.5543 141
0 0 1.55723 264
0 0 1.55953 262
0 0 1.565 532
1 1.44765 1.56842 740-808
0 0 1.57074 172
0 0 1.57537 775
0 0 1.57841 23
1 1.38598 1.57843 666-754
1 1.36151 1.57877 57-584
1 1.34424 1.5864 475-631
0 0 1.58879 166
0 0 1.59706 434
0 0 1.59788 263
0 0 1.59909 189
1 1.38498 1.60142 674-811
1 1.27885 1.60289 88-865
0 0 1.60479 66
0 0 1.60555 92
0 0 1.60593 182
0 0 1.62047 329
0 0 1.62298 9
0 0 1.62826 228
0 0 1.62965 134
0 0 1.63253 271
0 0 1.63382 187
1 1.25368 1.63675 86-480
0 0 1.63926 65
0 0 1.64294 86
0 0 1.64382 219
0 0 1.65321 250
1 1.57897 1.65353 588-866
0 0 1.65662 164
0 0 1.65825 119
1 1.36854 1.66227 126-607
0 0 1.66343 890
1 1.52119 1.66651 399-656
0 0 1.66752 19
1 1.45937 1.66777 238-735
1 1.33668 1.66865 689-741
1 1.67582 8.5 443-674
0 0 1.67642 184
0 0 1.6799 515
0 0 1.69238 159
1 1.23558 1.69317 136-784
0 0 1.69829 62
1 1.63451 1.70071 268-396
0 0 1.70154 236
1 1.60837 1.70199 502-709
1 1.65178 1.70204 500-745
0 0 1.70744 167
0 0 1.71733 991
0 0 1.72717 862
1 1.53115 1.73919 332-917
1 1.18413 1.74286 367-827
0 0 1.74433 323
0 0 1.75782 168
1 1.63387 1.77097 365-855
0 0 1.77578 157
0 0 1.77587 163
0 0 1.77923 214
0 0 1.78028 546
1 1.30666 1.78705 820-887
1 1.24284 1.78826 355-912
0 0 1.79229 404
0 0 1.79788 50
1 1.7304 1.79871 640-778
1 1.41044 1.80589 276-959
0 0 1.80689 26
0 0 1.81014 12
0 0 1.8226 218
1 1.61579 1.83018 332-428
1 1.57847 1.84347 428-614
0 0 1.84595 29
0 0 1.84744 593
1 1.78656 1.84993 626-967
1 1.77274 1.85017 440-490
1 1.47393 1.85233 355-959
0 0 1.8606 296
1 1.75244 1.86397 517-975
0 0 1.8759 107
1 1.60927 1.88335 79-604
1 1.68369 1.88815 127-391
0 0 1.89293 3
0 0 1.8946 34
0 0 1.89788 229
1 1.75029 1.89896 185-340
1 1.32913 1.91044 420-731
1 1.38489 1.91343 116-577
1 1.80509 1.91366 189-263
1 1.7142 1.92218 187-401
0 0 1.92221 186
0 0 1.92415 529
1 1.23567 1.9248 536-925
0 0 1.93085 58
1 1.51925 1.94222 210-333
0 0 1.94355 256
1 1.70766 1.95391 94-440
0 0 1.95458 303
1 1.73358 1.95606 199-249
1 1.66411 1.96201 149-925
1 1.16745 1.9688 412-686
1 1.39689 1.97229 294-638
1 1.52901 1.99809 621-773
0 0 2.0195 144
1 1.18165 2.01997 20-687
1 1.63991 2.02855 442-653
1 1.82461 2.03162 283-644
1 1.93587 2.05185 246-626
0 0 2.05318 840
1 1.7482 2.05827 603-817
1 1.37686 2.06033 832-873
1 2.00832 2.08952 201-734
1 1.29056 2.09587 126-899
1 1.7936 2.13503 109-627
1 1.68614 2.142 191-635
1 1.53862 2.16334 146-579
1 1.83783 2.16494 431-936
1 2.02906 2.17256 4-214
0 0 2.18473 317
1 1.83395 2.18736 28-98
1 1.64426 2.19375 67-238
1 1.99346 2.20821 314-316
0 0 2.20832 61
1 1.87763 2.21174 134-812
1 1.48087 2.2171 599-777
1 1.90368 2.23922 658-871
1 1.29631 2.26634 841-936
1 1.51494 2.2669 473-702
1 1.76714 2.27988 346-946
1 2.14754 2.30036 50-184
1 1.59717 2.30235 555-794
1 1.62665 2.30905 555-720
1 1.95894 2.31233 138-322
1 2.23833 2.32268 143-789
1 1.66131 2.32633 187-244
1 1.54141 2.33177 45-877
1 2.03034 2.346 525-736
0 0 2.35434 845
1 1.87594 2.3603 422-892
1 1.83739 2.36652 348-611
1 2.22654 2.3756 253-405
1 2.21307 2.37723 593-809
1 1.901 2.38516 159-722
1 1.67468 2.39018 211-943
1 1.62717 2.39323 753-822
1 2.33355 2.39734 741-970
1 2.25786 2.4082 189-969
1 1.5578 2.40937 568-600
1 2.12956 2.41875 231-682
1 2.31839 2.43815 206-736
1 1.58593 2.43891 626-953
1 1.96957 2.44388 436-663
1 1.74877 2.46698 30-960
1 2.27593 2.4996 915-922
1 1.53989 2.51421 930-934
1 2.09524 2.52103 261-482
1 1.7755 2.52451 202-310
1 2.43596 2.53709 245-743
1 2.45977 2.54168 58-350
1 2.48371 2.54285 39-831
1 2.12554 2.54926 743-778
1 2.26926 2.55098 452-831
1 1.90621 2.5539 237-743
1 1.63121 2.55542 392-671
1 2.04547 2.55942 95-753
1 2.1543 2.56068 524-805
1 1.86483 2.56336 299-491
1 2.3544 2.56436 80-664
1 2.35762 2.57419 251-557
1 1.59414 2.58383 38-352
1 2.30169 2.59801 272-759
1 2.38664 2.60341 164-524
1 2.5052 2.61242 270-950
1 1.72572 2.63319 13-923
1 1.68566 2.63593 652-850
1 1.66506 2.63972 4-182
1 2.24441 2.64129 369-601
1 2.50777 2.64391 302-779
1 2.51632 2.64649 434-552
1 2.388 2.6658 632-921
1 1.43731 2.67837 895-979
1 2.36378 2.69375 76-229
1 1.99875 2.70873 4-843
1 1.69525 2.70875 220-775
1 2.55849 2.71563 61-488
1 2.00871 2.7279 462-585
1 1.9045 2.74039 164-864
1 2.47094 2.74044 307-945
1 2.59794 2.74528 513-957
1 2.67952 2.7678 236-954
1 2.02353 2.77082 248-385
1 2.21164 2.78953 190-861
1 2.64763 2.80128 468-629
1 1.90384 2.80686 274-405
1 1.9979 2.80902 90-447
1 2.44661 2.82227 280-462
1 1.85059 2.84067 96-289
1 2.47197 2.86742 87-998
1 1.6258 2.8679 130-414
1 2.22763 2.86854 115-934
1 2.24709 2.86869 290-340
1 2.39423 2.87287 290-916
1 2.16699 2.87426 225-848
1 2.49802 2.87641 187-839
1 2.06725 2.90412 200-296
1 2.61151 2.92484 217-416
1 1.65616 2.92884 359-837
1 2.36945 2.94318 228-719
1 1.97732 2.94994 7-398
1 2.06086 2.95424 313-416
1 1.91499 2.95654 215-397
1 2.86912 2.97123 352-706
1 1.82376 2.98737 184-980
1 1.99268 2.99916 58-560
1 2.91352 3.00761 290-656
1 2.63014 3.01655 298-836
1 2.50775 3.03151 451-547
1 2.7418 3.03751 101-904
1 2.86262 3.05702 317-699
1 1.98845 3.06055 611-634
1 2.21621 3.06894 214-945
1 2.66385 3.08557 191-935
1 2.04214 3.08787 646-796
1 1.68194 3.1007 234-915
1 2.50612 3.11348 217-529
1 2.65262 3.11423 313-529
1 3.05992 3.11609 247-532
1 2.88852 3.1268 218-681
1 2.88336 3.137 601-766
1 2.86989 3.14095 935-965
1 2.79204 3.15742 323-845
1 2.53278 3.17607 337-550
1 1.65849 3.18214 671-986
1 2.56821 3.19469 434-550
1 1.61212 3.22191 314-908
1 2.75152 3.23794 285-991
1 2.46273 3.2394 159-230
1 1.4173 3.24322 82-819
1 2.19419 3.25226 129-926
1 2.15724 3.26427 472-497
1 2.40801 3.27183 156-456
1 1.92643 3.28471 466-980
1 1.97433 3.33248 287-981
1 2.13365 3.35377 161-902
1 2.3314 3.36083 301-683
1 1.67297 3.39417 170-194
1 1.84649 3.45966 168-608
1 2.30475 3.46219 357-840
1 1.83055 3.48994 969-985
1 2.78469 3.49672 862-991
1 1.86687 3.51814 701-833
1 3.37155 3.55282 382-885
1 2.56055 3.56245 387-954
1 2.30318 3.59803 504-991
1 1.72673 3.62195 92-450
1 2.10791 3.62483 206-452
1 1.7558 3.76374 133-304
1 2.2562 3.87229 12-747
1 3.08853 3.88254 125-840
1 2.6133 3.93325 233-781
1 2.12462 3.96988 265-765
1 3.46156 4.00216 10-229
1 3.27258 4.00829 178-256
1 1.80503 4.01798 262-801
1 2.15873 4.0641 243-593
2 3.98445 4.09256 162-747-865
1 2.44132 4.17702 505-944
1 2.05462 4.19005 328-684
1 3.46376 4.20057 769-845
1 2.4628 4.34662 457-699
1 3.72568 4.65589 326-984
1 1.99919 4.65688 163-706
1 1.72352 4.86731 676-981
2 5.35853 8.5 393-756-862
