0 0 8.5 0
0 0 0.0631523 441
0 0 0.0732026 417
0 0 0.110012 771
0 0 0.110277 535
0 0 0.111337 612
0 0 0.113739 648
0 0 0.116432 994
0 0 0.119724 627
0 0 0.120073 974
0 0 0.123927 827
0 0 0.126117 961
0 0 0.130474 717
0 0 0.131117 336
0 0 0.133595 320
0 0 0.136545 906
0 0 0.142185 982
0 0 0.148184 457
0 0 0.15231 177
0 0 0.153978 767
0 0 0.15829 677
0 0 0.158557 693
0 0 0.162663 395
0 0 0.16554 940
0 0 0.167947 753
0 0 0.168185 286
0 0 0.171574 733
0 0 0.176846 560
0 0 0.184423 573
0 0 0.188492 669
0 0 0.198091 822
0 0 0.20554 963
0 0 0.206263 883
0 0 0.206935 265
0 0 0.209327 422
0 0 0.209554 594
0 0 0.211029 829
0 0 0.212686 267
0 0 0.212994 816
0 0 0.215039 565
0 0 0.215348 972
0 0 0.217683 838
0 0 0.217706 844
0 0 0.221592 618
0 0 0.221619 834
0 0 0.225334 935
0 0 0.226834 978
0 0 0.239753 559
0 0 0.241966 123
0 0 0.242724 746
0 0 0.245681 628
0 0 0.246926 989
0 0 0.25215 89
0 0 0.252837 901
0 0 0.256859 732
0 0 0.25692 620
0 0 0.257748 855
0 0 0.258439 857
0 0 0.25885 769
0 0 0.260981 655
0 0 0.262543 226
0 0 0.263592 879
0 0 0.263829 700
0 0 0.269109 492
0 0 0.274349 645
0 0 0.274544 482
0 0 0.277792 371
0 0 0.278103 644
0 0 0.279482 354
0 0 0.280486 634
0 0 0.281002 641
0 0 0.28178 661
0 0 0.28199 860
0 0 0.285473 51
0 0 0.289361 939
0 0 0.292377 872
0 0 0.293093 863
0 0 0.293221 542
0 0 0.297112 967
0 0 0.299817 386
0 0 0.302545 547
0 0 0.30587 870
0 0 0.307204 668
0 0 0.311366 260
0 0 0.311404 365
0 0 0.320419 826
0 0 0.322602 785
0 0 0.322654 696
0 0 0.323309 997
0 0 0.324124 519
0 0 0.327708 461
0 0 0.329928 735
0 0 0.333097 678
0 0 0.335364 335
0 0 0.340514 938
0 0 0.34116 342
0 0 0.345096 564
0 0 0.347896 473
0 0 0.35195 819
0 0 0.3532 566
0 0 0.353253 495
0 0 0.353338 973
0 0 0.353466 990
0 0 0.354161 768
0 0 0.354551 385
0 0 0.358655 175
0 0 0.358878 375
0 0 0.359059 531
0 0 0.359698 730
0 0 0.362664 930
0 0 0.363339 204
0 0 0.363848 469
0 0 0.369642 633
0 0 0.373748 232
0 0 0.375116 839
0 0 0.37776 521
0 0 0.378444 334
0 0 0.380311 947
0 0 0.38369 664
0 0 0.39121 278
0 0 0.391449 894
0 0 0.391581 956
0 0 0.394554 724
0 0 0.395863 803
0 0 0.397204 943
0 0 0.400544 530
0 0 0.403734 563
0 0 0.40437 588
0 0 0.4055 418
0 0 0.407435 902
0 0 0.41051 376
0 0 0.410741 836
0 0 0.41227 782
0 0 0.413745 927
0 0 0.413936 562
0 0 0.415272 983
0 0 0.416445 307
0 0 0.416702 774
0 0 0.419465 988
0 0 0.42029 158
0 0 0.422332 763
0 0 0.422976 703
0 0 0.424661 623
0 0 0.425321 727
0 0 0.4262 399
0 0 0.427398 347
0 0 0.427502 899
0 0 0.428772 646
0 0 0.429136 603
0 0 0.42996 630
0 0 0.438011 624
0 0 0.440335 596
0 0 0.444122 780
0 0 0.445206 496
0 0 0.446514 882
0 0 0.44704 613
0 0 0.450603 617
0 0 0.450909 931
0 0 0.457958 987
0 0 0.461057 650
0 0 0.462588 804
0 0 0.464937 615
0 0 0.464994 916
0 0 0.46893 638
0 0 0.471597 587
0 0 0.47401 508
0 0 0.474861 802
0 0 0.476882 608
0 0 0.477938 886
0 0 0.480127 619
0 0 0.480173 454
0 0 0.482255 824
0 0 0.483004 861
0 0 0.483173 715
0 0 0.483281 465
0 0 0.483777 932
0 0 0.484634 585
0 0 0.485465 754
0 0 0.486912 797
0 0 0.489758 414
0 0 0.491835 349
0 0 0.493211 459
0 0 0.494094 808
0 0 0.49445 361
0 0 0.497553 356
0 0 0.497655 788
0 0 0.499637 408
0 0 0.499883 653
0 0 0.501298 687
0 0 0.503067 675
0 0 0.503254 516
0 0 0.504185 847
0 0 0.505 950
0 0 0.506773 474
0 0 0.508264 749
0 0 0.508999 470
0 0 0.509371 719
0 0 0.509801 153
0 0 0.510108 723
0 0 0.51377 864
0 0 0.514733 239
0 0 0.517884 254
0 0 0.518445 880
0 0 0.518908 33
0 0 0.519371 837
0 0 0.520046 111
0 0 0.521019 741
0 0 0.521465 383
0 0 0.5215 70
0 0 0.521811 692
0 0 0.522021 451
0 0 0.522849 327
0 0 0.523068 739
0 0 0.523251 649
0 0 0.525306 964
0 0 0.526708 575
0 0 0.526748 750
0 0 0.527848 884
0 0 0.528244 364
0 0 0.530132 503
0 0 0.531149 718
0 0 0.531173 135
0 0 0.531201 288
0 0 0.531449 415
0 0 0.531465 244
0 0 0.531693 818
0 0 0.53299 556
0 0 0.533414 695
0 0 0.534452 708
0 0 0.535213 643
0 0 0.537187 743
0 0 0.537212 74
0 0 0.539104 795
0 0 0.539747 962
0 0 0.53998 526
0 0 0.540556 647
0 0 0.541533 941
0 0 0.542277 888
0 0 0.543817 881
0 0 0.544528 910
0 0 0.5534 306
0 0 0.553497 960
0 0 0.55652 245
0 0 0.561242 387
0 0 0.561677 348
0 0 0.563008 358
0 0 0.56743 440
0 0 0.568987 949
0 0 0.57041 370
0 0 0.571517 37
0 0 0.574254 748
0 0 0.577909 721
0 0 0.579301 357
0 0 0.581168 694
0 0 0.581196 577
0 0 0.581275 907
0 0 0.581769 806
0 0 0.582015 213
0 0 0.582351 581
0 0 0.583128 393
0 0 0.583896 524
0 0 0.584089 731
0 0 0.584309 610
0 0 0.585433 698
0 0 0.585545 713
0 0 0.586207 103
0 0 0.587046 933
0 0 0.587065 752
0 0 0.588037 913
0 0 0.591481 877
0 0 0.592306 569
0 0 0.593087 674
0 0 0.594069 425
0 0 0.594502 786
0 0 0.595824 929
0 0 0.598325 179
0 0 0.599222 914
0 0 0.5996 272
0 0 0.600115 865
0 0 0.600897 554
0 0 0.601604 40
0 0 0.601922 799
0 0 0.602003 487
0 0 0.603769 543
0 0 0.605877 878
0 0 0.60906 660
0 0 0.612619 242
0 0 0.613006 435
0 0 0.613678 807
0 0 0.613929 269
0 0 0.61434 275
0 0 0.615105 590
0 0 0.615531 512
0 0 0.615901 759
0 0 0.616564 80
0 0 0.619863 381
0 0 0.620009 635
0 0 0.62082 854
0 0 0.623073 766
0 0 0.623257 657
0 0 0.623401 276
0 0 0.62379 363
0 0 0.62478 501
0 0 0.624945 833
0 0 0.626402 147
0 0 0.626738 622
0 0 0.629686 584
0 0 0.630335 410
0 0 0.631031 686
0 0 0.632049 295
0 0 0.632131 580
0 0 0.632954 373
0 0 0.634389 96
0 0 0.636465 450
0 0 0.63651 555
0 0 0.63679 683
0 0 0.636859 475
0 0 0.637818 790
0 0 0.637943 781
0 0 0.638792 842
0 0 0.639893 764
0 0 0.639949 297
0 0 0.640277 936
0 0 0.641316 583
0 0 0.641632 549
0 0 0.642951 351
0 0 0.64369 710
0 0 0.644273 998
0 0 0.645604 279
0 0 0.646352 762
0 0 0.646464 659
0 0 0.646789 893
0 0 0.647177 360
0 0 0.648706 374
0 0 0.653527 439
0 0 0.654134 794
0 0 0.654502 821
0 0 0.656068 183
0 0 0.656601 595
0 0 0.657128 497
0 0 0.658658 477
0 0 0.660614 312
0 0 0.661116 485
0 0 0.661458 258
0 0 0.662274 511
0 0 0.664411 394
0 0 0.664716 500
0 0 0.665681 458
0 0 0.666123 636
0 0 0.667068 444
0 0 0.669419 726
0 0 0.67039 791
0 0 0.673369 958
0 0 0.67392 463
0 0 0.674926 770
0 0 0.675408 101
0 0 0.675615 389
0 0 0.677281 504
0 0 0.677787 975
0 0 0.678517 918
0 0 0.678869 712
0 0 0.679608 238
0 0 0.68056 685
0 0 0.681256 740
0 0 0.682104 131
0 0 0.682383 192
0 0 0.683645 812
0 0 0.68399 789
0 0 0.684883 843
0 0 0.685818 756
0 0 0.686808 616
0 0 0.687535 895
0 0 0.688189 533
0 0 0.69283 402
0 0 0.693286 233
0 0 0.694252 830
0 0 0.694255 321
0 0 0.696178 316
0 0 0.696593 558
0 0 0.697674 433
0 0 0.700167 744
0 0 0.701404 309
0 0 0.707411 851
0 0 0.70804 201
0 0 0.708053 494
0 0 0.709138 711
0 0 0.711666 737
0 0 0.712906 255
0 0 0.714073 571
0 0 0.714554 800
0 0 0.718211 640
0 0 0.719991 390
0 0 0.720023 311
0 0 0.720162 919
0 0 0.720495 682
0 0 0.720695 125
0 0 0.720788 734
0 0 0.72089 765
0 0 0.72094 920
0 0 0.721223 170
0 0 0.721794 207
0 0 0.725427 293
0 0 0.725572 681
0 0 0.727105 466
0 0 0.72727 430
0 0 0.728244 579
0 0 0.728543 955
0 0 0.73147 850
0 0 0.732957 235
0 0 0.733857 716
0 0 0.735253 169
0 0 0.739537 903
0 0 0.739625 598
0 0 0.743855 900
0 0 0.74692 784
0 0 0.747031 128
0 0 0.748752 672
0 0 0.749726 553
0 0 0.752018 165
0 0 0.753087 642
0 0 0.754097 407
0 0 0.754209 705
0 0 0.755673 793
0 0 0.756778 747
0 0 0.757974 923
0 0 0.758112 820
0 0 0.758608 380
0 0 0.762604 702
0 0 0.762843 27
0 0 0.763511 483
0 0 0.764401 676
0 0 0.76451 915
0 0 0.764556 578
0 0 0.765193 779
0 0 0.767638 284
0 0 0.770186 486
0 0 0.771679 725
0 0 0.772315 813
0 0 0.77285 572
0 0 0.774033 527
0 0 0.775573 751
0 0 0.777491 83
0 0 0.777816 639
0 0 0.778322 992
0 0 0.778497 609
0 0 0.781031 875
0 0 0.782191 122
0 0 0.782195 891
0 0 0.782456 437
0 0 0.784654 607
0 0 0.785484 197
0 0 0.786585 424
0 0 0.787511 534
0 0 0.788056 605
0 0 0.789521 324
0 0 0.789878 155
0 0 0.790319 84
0 0 0.790931 287
0 0 0.793128 506
0 0 0.794203 867
0 0 0.79468 308
0 0 0.799402 966
0 0 0.802221 71
0 0 0.802864 707
0 0 0.80296 536
0 0 0.806265 632
0 0 0.807543 552
0 0 0.807645 937
0 0 0.807684 190
0 0 0.808244 828
0 0 0.815228 193
0 0 0.816774 904
0 0 0.817975 942
0 0 0.819266 679
0 0 0.819326 369
0 0 0.819472 849
0 0 0.819652 745
0 0 0.824458 965
0 0 0.825012 701
0 0 0.825663 548
0 0 0.826151 709
0 0 0.826264 310
0 0 0.827815 273
0 0 0.828001 266
0 0 0.831521 319
0 0 0.833925 246
0 0 0.834063 944
0 0 0.836237 969
0 0 0.836653 105
0 0 0.836971 117
0 0 0.838601 339
0 0 0.840711 993
0 0 0.844654 129
0 0 0.845056 305
0 0 0.845706 343
0 0 0.847654 869
0 0 0.847695 856
0 0 0.848627 436
0 0 0.848696 240
0 0 0.849551 574
0 0 0.854339 423
0 0 0.854525 502
0 0 0.855682 846
0 0 0.856254 874
0 0 0.857715 24
0 0 0.858068 396
0 0 0.860837 738
0 0 0.861188 291
0 0 0.862288 212
0 0 0.862813 651
0 0 0.866449 689
0 0 0.866664 777
0 0 0.866891 728
0 0 0.869649 815
0 0 0.872415 986
0 0 0.873058 970
0 0 0.874126 429
0 0 0.874845 280
0 0 0.875967 426
0 0 0.87714 656
0 0 0.878112 866
0 0 0.878861 362
0 0 0.882775 996
0 0 0.885461 259
0 0 0.885656 898
0 0 0.890624 835
0 0 0.8908 614
0 0 0.893432 270
0 0 0.897929 787
0 0 0.90054 180
0 0 0.90097 841
0 0 0.90133 195
0 0 0.901647 328
0 0 0.904417 892
0 0 0.904653 772
0 0 0.905392 268
0 0 0.907524 917
0 0 0.907912 859
0 0 0.908932 582
0 0 0.909643 366
0 0 0.910973 897
0 0 0.911398 127
0 0 0.91168 853
0 0 0.911852 758
0 0 0.912099 876
0 0 0.913155 589
0 0 0.915393 124
0 0 0.917153 514
0 0 0.91902 926
0 0 0.920061 484
0 0 0.921134 809
0 0 0.922166 353
0 0 0.92498 126
0 0 0.925601 340
0 0 0.927722 948
0 0 0.927837 391
0 0 0.928844 464
0 0 0.929763 151
0 0 0.931864 688
0 0 0.933308 388
0 0 0.935665 540
0 0 0.935671 281
0 0 0.936013 977
0 0 0.936335 570
0 0 0.936695 896
0 0 0.938001 561
0 0 0.940276 455
0 0 0.944047 568
0 0 0.944151 911
0 0 0.9457 283
0 0 0.94791 326
0 0 0.951975 654
0 0 0.952052 729
0 0 0.952473 191
0 0 0.953375 761
0 0 0.958304 999
0 0 0.959614 665
0 0 0.95992 403
0 0 0.96254 300
0 0 0.96312 467
0 0 0.963619 631
0 0 0.964329 976
0 0 0.965065 132
0 0 0.965119 377
0 0 0.967513 742
0 0 0.967554 597
0 0 0.969011 871
0 0 0.970031 490
0 0 0.970576 290
0 0 0.97109 499
0 0 0.971567 368
0 0 0.971605 222
0 0 0.971849 384
1 0.915547 0.973099 826-940
0 0 0.973702 21
0 0 0.974053 453
0 0 0.974314 868
0 0 0.975336 814
0 0 0.976342 528
0 0 0.977888 995
0 0 0.9791 181
0 0 0.983546 428
0 0 0.983975 592
0 0 0.985266 405
0 0 0.986005 599
0 0 0.986776 460
0 0 0.987164 690
0 0 0.987682 586
0 0 0.98786 912
0 0 0.989608 338
0 0 0.990475 313
0 0 0.991644 171
0 0 0.991708 11
0 0 0.991787 99
0 0 0.993466 45
0 0 0.99469 202
0 0 0.995452 928
0 0 0.995781 152
0 0 0.996001 252
0 0 0.996014 406
0 0 0.997276 160
0 0 0.99756 154
0 0 1.00008 188
0 0 1.00104 666
0 0 1.00265 720
0 0 1.00327 697
0 0 1.00674 113
0 0 1.00834 90
0 0 1.0091 412
0 0 1.01016 196
0 0 1.0105 921
0 0 1.0116 979
0 0 1.01175 796
0 0 1.0122 413
0 0 1.01299 241
0 0 1.01304 88
0 0 1.01329 924
0 0 1.0142 198
0 0 1.01457 757
0 0 1.01475 736
0 0 1.01491 221
0 0 1.01648 952
0 0 1.01814 223
0 0 1.01876 330
0 0 1.01897 282
0 0 1.02042 48
0 0 1.02073 379
0 0 1.02107 629
0 0 1.02137 77
0 0 1.02561 971
0 0 1.02573 680
0 0 1.0259 606
0 0 1.0289 667
0 0 1.03086 805
0 0 1.0324 318
0 0 1.03451 420
0 0 1.03671 421
0 0 1.03693 858
0 0 1.04239 541
0 0 1.04265 755
0 0 1.04783 517
0 0 1.04846 825
0 0 1.04882 298
0 0 1.05051 760
0 0 1.05129 94
0 0 1.05137 400
0 0 1.05161 55
0 0 1.05267 600
0 0 1.05426 344
0 0 1.05564 199
0 0 1.05649 253
0 0 1.0579 67
0 0 1.06146 831
0 0 1.0635 345
0 0 1.06369 442
0 0 1.06606 908
0 0 1.06631 576
0 0 1.06671 658
0 0 1.06792 954
0 0 1.06888 75
0 0 1.07077 817
0 0 1.0713 116
0 0 1.07259 210
0 0 1.07333 493
0 0 1.07382 20
0 0 1.07458 520
0 0 1.0746 72
0 0 1.07491 691
0 0 1.07943 337
0 0 1.08088 114
0 0 1.08163 392
0 0 1.08169 968
0 0 1.08244 216
0 0 1.08295 378
0 0 1.08307 591
0 0 1.0856 367
0 0 1.08684 478
0 0 1.08698 925
0 0 1.0876 810
0 0 1.0882 663
0 0 1.09029 142
0 0 1.09153 432
0 0 1.09236 247
0 0 1.09246 468
0 0 1.09419 449
0 0 1.09477 372
0 0 1.09638 538
0 0 1.09677 205
0 0 1.0977 73
0 0 1.09977 985
0 0 1.10146 481
0 0 1.10197 518
0 0 1.10347 448
0 0 1.10426 539
0 0 1.10538 243
0 0 1.10594 176
0 0 1.10696 102
0 0 1.1072 523
0 0 1.11007 140
0 0 1.11065 602
0 0 1.11081 522
0 0 1.1114 299
0 0 1.11226 984
0 0 1.11602 18
0 0 1.11652 401
0 0 1.11746 261
0 0 1.11751 106
0 0 1.11788 138
0 0 1.12034 333
0 0 1.12102 294
0 0 1.12126 162
0 0 1.12535 59
0 0 1.12641 8
0 0 1.12667 118
0 0 1.12765 889
0 0 1.12936 49
0 0 1.13106 652
0 0 1.13184 54
0 0 1.13242 355
0 0 1.13264 85
0 0 1.1332 792
0 0 1.1365 78
0 0 1.13948 489
0 0 1.14546 143
0 0 1.1476 28
0 0 1.14839 47
0 0 1.15056 714
0 0 1.15287 332
0 0 1.15395 31
1 1.10114 1.15491 309-975
0 0 1.1602 776
0 0 1.16414 185
0 0 1.16417 63
0 0 1.16514 1
0 0 1.17044 206
1 1.00382 1.17274 154-849
0 0 1.17488 15
0 0 1.17789 488
0 0 1.18015 341
0 0 1.1808 60
0 0 1.18243 438
0 0 1.18345 946
0 0 1.18527 662
0 0 1.18876 832
0 0 1.19483 304
0 0 1.19656 350
0 0 1.19952 981
0 0 1.19953 621
0 0 1.20215 480
1 1.05115 1.20365 689-884
0 0 1.20431 359
0 0 1.2047 136
1 1.13072 1.20482 273-403
0 0 1.20496 39
0 0 1.20692 81
0 0 1.20702 801
0 0 1.2086 507
0 0 1.20887 100
0 0 1.20996 419
1 0.881628 1.21002 751-879
0 0 1.21302 32
0 0 1.21658 79
0 0 1.21688 57
0 0 1.21719 491
0 0 1.21932 301
0 0 1.22225 224
0 0 1.22373 670
0 0 1.22496 97
0 0 1.2278 130
0 0 1.22803 5
0 0 1.22985 783
0 0 1.23028 248
0 0 1.23289 44
0 0 1.233 673
0 0 1.23405 909
0 0 1.23505 41
0 0 1.23764 471
0 0 1.24113 16
0 0 1.24207 76
0 0 1.24482 6
0 0 1.24541 722
0 0 1.2459 257
0 0 1.24606 446
0 0 1.2483 778
0 0 1.24886 161
0 0 1.24973 215
0 0 1.24979 811
0 0 1.25337 905
0 0 1.25433 671
0 0 1.25528 139
0 0 1.25536 509
0 0 1.25578 56
0 0 1.25855 227
0 0 1.26276 53
0 0 1.26444 873
0 0 1.26648 885
0 0 1.26653 289
0 0 1.26785 285
0 0 1.27263 567
1 1.13929 1.27328 682-919
0 0 1.27507 951
0 0 1.27609 251
0 0 1.28273 431
0 0 1.28309 959
0 0 1.28333 98
0 0 1.28447 109
0 0 1.28628 174
0 0 1.28728 447
0 0 1.28864 704
0 0 1.29097 887
0 0 1.29116 234
0 0 1.29463 137
0 0 1.29484 149
0 0 1.30051 823
0 0 1.30144 46
0 0 1.30238 498
0 0 1.30301 551
0 0 1.30775 22
0 0 1.30919 416
0 0 1.30995 922
0 0 1.31039 178
0 0 1.31263 510
0 0 1.31279 852
0 0 1.31428 315
0 0 1.31505 398
0 0 1.31657 699
0 0 1.31754 331
0 0 1.31843 52
0 0 1.3219 706
0 0 1.32247 211
0 0 1.32298 2
0 0 1.32319 382
0 0 1.32703 513
0 0 1.32741 209
0 0 1.32902 274
0 0 1.32998 121
0 0 1.33137 537
0 0 1.33147 230
0 0 1.3341 7
0 0 1.33502 237
0 0 1.33534 104
0 0 1.33622 773
0 0 1.34274 550
0 0 1.34365 848
1 1.12402 1.34373 814-917
0 0 1.34441 352
0 0 1.34526 611
0 0 1.34577 110
0 0 1.35024 411
0 0 1.35503 150
0 0 1.35524 545
0 0 1.35706 557
0 0 1.35719 194
0 0 1.35894 14
0 0 1.35911 148
0 0 1.36114 112
0 0 1.36165 220
0 0 1.36316 208
0 0 1.3637 43
0 0 1.36419 115
1 1.36573 8.5 792-895
0 0 1.3661 445
0 0 1.36652 684
0 0 1.36851 82
0 0 1.36946 505
1 1.28416 1.37062 136-463
0 0 1.37454 249
0 0 1.37729 200
0 0 1.38055 625
0 0 1.38335 203
0 0 1.38744 325
1 1.14288 1.38792 459-503
0 0 1.38823 69
1 1.33721 1.39162 511-680
0 0 1.39277 452
0 0 1.39498 36
0 0 1.39902 462
0 0 1.40307 25
0 0 1.40491 980
1 1.3324 1.40495 151-807
0 0 1.40562 68
1 1.21531 1.40899 574-630
0 0 1.41054 120
0 0 1.41131 91
0 0 1.41284 626
0 0 1.41611 217
0 0 1.4199 544
0 0 1.4208 314
1 1.0732 1.4242 366-974
0 0 1.42459 476
0 0 1.4283 637
0 0 1.4309 346
0 0 1.43479 146
0 0 1.43596 156
0 0 1.43766 409
0 0 1.43769 277
0 0 1.44014 231
0 0 1.44291 427
1 1.29565 1.44945 655-739
0 0 1.45256 173
0 0 1.45454 525
0 0 1.46548 133
0 0 1.47196 292
1 1.30489 1.47286 78-83
0 0 1.47372 225
0 0 1.479 30
1 1.29303 1.48274 831-952
0 0 1.4852 934
0 0 1.48687 10
0 0 1.49111 93
0 0 1.49158 42
0 0 1.49258 95
0 0 1.49263 397
0 0 1.49795 23
0 0 1.5011 798
0 0 1.5121 108
0 0 1.51321 601
0 0 1.51854 4
0 0 1.52092 87
0 0 1.52175 329
0 0 1.52322 479
0 0 1.52443 443
0 0 1.528 145
1 1.4695 1.52943 740-808
0 0 1.53457 322
0 0 1.53766 262
0 0 1.53869 953
0 0 1.54001 604
0 0 1.54698 64
0 0 1.54985 945
1 1.35047 1.55005 83-624
1 1.41503 1.55337 327-728
0 0 1.55576 302
0 0 1.556 456
0 0 1.55662 141
0 0 1.55875 38
0 0 1.56114 13
0 0 1.56133 17
0 0 1.56297 264
0 0 1.56444 775
1 1.28457 1.5737 57-584
1 1.28821 1.57495 86-480
0 0 1.57535 187
0 0 1.57629 957
0 0 1.57953 9
1 1.43489 1.58116 238-735
1 1.34435 1.58771 273-714
0 0 1.5887 532
0 0 1.59297 182
0 0 1.59901 219
0 0 1.59902 172
0 0 1.60496 166
0 0 1.61297 228
1 1.32818 1.61369 475-631
0 0 1.61495 119
1 1.34224 1.61642 319-838
0 0 1.61817 92
0 0 1.62574 250
0 0 1.629 66
0 0 1.63017 263
0 0 1.63942 35
0 0 1.64136 991
1 1.55345 1.64668 124-243
1 1.3087 1.64871 151-665
1 1.31994 1.65045 88-865
0 0 1.65213 134
0 0 1.65522 189
1 1.54406 1.65534 500-745
0 0 1.65678 472
0 0 1.65795 19
0 0 1.65941 86
0 0 1.6634 65
0 0 1.66641 434
0 0 1.67073 890
1 1.31794 1.67109 126-740
0 0 1.68011 62
1 1.50282 1.6829 399-656
0 0 1.69163 271
0 0 1.69503 862
0 0 1.69677 157
1 1.61738 1.69706 502-709
1 1.59047 1.7049 588-866
0 0 1.70696 515
1 1.38678 1.7089 689-741
1 1.13484 1.70915 827-828
0 0 1.71053 167
1 1.72278 8.5 443-674
0 0 1.72566 164
1 1.54591 1.72829 332-917
0 0 1.73226 184
1 1.165 1.7344 355-912
0 0 1.7441 214
1 1.39929 1.74662 666-754
1 1.63963 1.7616 365-855
0 0 1.76169 323
0 0 1.76197 159
1 1.68412 1.76252 268-396
1 1.30291 1.77021 748-887
1 1.70196 1.77492 640-778
0 0 1.77607 404
1 1.6105 1.77881 332-428
1 1.41821 1.79197 276-959
0 0 1.79502 50
0 0 1.80597 168
0 0 1.80802 163
0 0 1.81017 186
0 0 1.81669 26
0 0 1.82307 12
0 0 1.82397 593
0 0 1.82431 546
0 0 1.82675 236
1 1.76872 1.83519 626-967
1 1.77938 1.84385 358-420
0 0 1.84615 218
0 0 1.85983 29
1 1.6679 1.86419 187-401
1 1.69754 1.86685 127-391
0 0 1.86719 529
1 1.74583 1.87017 185-340
1 1.51316 1.87481 355-959
1 1.21763 1.87538 20-687
0 0 1.88262 34
1 1.58673 1.8887 79-604
0 0 1.89036 256
0 0 1.89285 303
1 1.3325 1.89295 420-731
1 1.81446 1.89713 188-960
1 1.50201 1.90066 210-333
0 0 1.90597 107
1 1.75953 1.91148 165-953
0 0 1.91513 58
0 0 1.91692 229
1 1.62127 1.92522 428-614
0 0 1.93199 296
1 1.17948 1.94062 294-428
0 0 1.94262 3
1 1.2268 1.95222 412-686
1 1.51768 1.96561 621-773
1 1.62628 1.96967 442-653
1 1.40036 1.97224 116-577
1 1.69609 1.97926 94-440
1 1.67579 1.98312 149-925
1 1.35528 1.98575 567-873
1 1.92617 1.9883 189-263
1 1.7793 1.98912 199-249
0 0 1.99654 144
1 1.41186 1.99835 294-638
1 1.72846 2.00476 603-817
1 1.3023 2.03445 126-607
1 1.81893 2.04449 283-644
1 1.60128 2.05945 67-238
1 1.96559 2.05978 201-734
1 1.97243 2.06219 549-626
1 1.51497 2.08415 599-777
0 0 2.09905 840
1 1.73597 2.10209 431-936
1 2.03778 2.11308 669-887
1 2.04624 2.11857 4-214
1 2.05963 2.13401 87-104
0 0 2.14451 317
1 1.61023 2.1775 161-625
1 1.86478 2.18509 28-98
1 1.75072 2.19261 191-635
1 1.84428 2.21138 109-221
1 1.86368 2.22725 134-812
1 1.97902 2.23244 314-316
1 1.48786 2.2483 45-877
1 1.86298 2.26086 422-892
0 0 2.26216 61
1 2.039 2.26341 658-871
1 1.48704 2.28006 473-702
1 1.87998 2.28195 348-611
1 1.28267 2.28367 841-936
1 1.78416 2.28982 346-946
1 1.59619 2.29681 555-794
0 0 2.30567 845
1 2.02097 2.31086 525-736
1 2.15837 2.31104 50-184
1 1.65056 2.31672 187-244
1 2.23059 2.31712 1-432
1 1.89852 2.33388 138-322
1 2.21623 2.34139 593-809
1 2.27943 2.3491 398-589
1 1.69513 2.35245 211-943
1 2.1301 2.37359 231-682
1 2.23911 2.39631 253-405
1 1.56406 2.40627 555-720
1 1.94611 2.40636 436-663
1 2.33374 2.423 741-970
1 2.31073 2.43701 189-969
1 1.4917 2.44434 930-934
1 1.55642 2.44458 568-600
1 1.8873 2.4489 159-722
1 1.66308 2.4723 753-822
1 1.77117 2.47918 202-310
1 2.33406 2.48013 915-922
1 2.07155 2.49014 743-778
1 1.62893 2.49026 626-953
1 2.46202 2.51255 245-743
1 2.425 2.51634 58-350
1 2.31762 2.51779 80-664
1 2.35793 2.53301 272-759
1 1.78461 2.54011 299-491
1 1.75922 2.54034 30-960
1 1.94092 2.54143 237-743
1 2.00909 2.54416 95-753
1 2.16678 2.54872 261-482
1 2.37213 2.55496 251-557
1 1.65882 2.56906 13-923
1 1.66646 2.57609 392-671
1 2.47247 2.5853 270-950
1 2.21101 2.58971 524-805
1 1.6887 2.60168 413-860
1 1.57066 2.60306 352-914
1 2.17364 2.60906 369-601
1 2.32512 2.61426 452-831
1 2.35621 2.61523 164-524
1 1.67166 2.63596 652-850
1 1.43085 2.67574 43-91
1 2.52785 2.6789 302-779
1 2.59646 2.68526 434-552
1 1.88748 2.70511 164-864
1 1.99425 2.70755 462-585
1 2.41277 2.71989 76-229
1 2.37616 2.72688 632-921
1 1.98269 2.72884 4-843
1 2.60458 2.73429 236-954
1 1.95087 2.73793 7-398
1 2.56545 2.75064 513-957
1 2.52521 2.76721 280-462
1 1.75953 2.77557 220-775
1 2.58921 2.77794 61-488
1 2.47452 2.78065 307-945
1 2.20932 2.7825 190-861
1 1.90985 2.80108 274-405
1 2.74015 2.80673 75-296
1 2.63712 2.81559 468-629
1 1.83054 2.82513 96-289
1 2.18777 2.82572 225-848
1 1.96421 2.83015 90-447
1 2.55984 2.84012 187-839
1 1.57445 2.89087 130-414
1 2.60207 2.89132 217-416
1 1.97324 2.90816 200-296
1 2.43654 2.91074 87-998
1 1.66545 2.91421 359-837
1 2.29047 2.92261 340-647
1 2.20501 2.92808 115-934
1 1.93021 2.92841 248-385
1 1.96417 2.95197 313-416
1 2.48183 2.95234 290-916
1 2.83315 2.95895 352-706
1 1.92995 2.96101 397-798
1 2.34676 2.96818 145-228
1 1.83039 2.97925 184-980
1 1.96447 2.98154 58-715
1 2.58836 2.9816 191-935
1 2.82302 3.00597 323-845
1 1.6989 3.02599 234-915
1 2.73358 3.03369 298-836
1 2.75641 3.04137 101-904
1 2.94085 3.04699 290-656
1 2.04762 3.05069 646-796
1 2.49241 3.07611 173-451
1 2.64505 3.07645 313-529
1 2.22686 3.07657 214-945
1 2.90528 3.08012 218-965
1 2.43065 3.11637 159-230
1 2.83658 3.1203 218-681
1 2.01796 3.12314 634-898
1 2.51427 3.14097 217-529
1 2.73958 3.16014 285-991
1 2.99259 3.18802 601-766
1 2.81172 3.22019 317-699
1 1.94079 3.22106 466-980
1 2.37621 3.22664 156-456
1 2.10055 3.23558 472-497
1 1.69828 3.24115 671-986
1 1.58502 3.24869 314-908
1 1.41287 3.25129 82-819
1 2.17397 3.25344 129-926
1 2.38392 3.26008 337-550
1 2.54474 3.33846 434-550
1 2.15051 3.36332 161-271
1 2.41174 3.36529 301-683
1 1.92642 3.37397 287-981
1 1.83385 3.39377 168-608
1 1.75312 3.43439 133-304
1 1.83007 3.43925 560-922
1 2.84208 3.49283 862-991
1 2.23668 3.50547 357-840
1 3.32068 3.51623 382-885
1 1.75386 3.52607 92-450
1 1.65641 3.5308 170-194
1 2.5527 3.57055 387-954
1 2.28131 3.57533 61-225
1 2.1733 3.64526 206-452
1 2.18187 3.81727 12-747
1 3.12777 3.83583 125-840
1 1.73489 3.84384 203-985
1 2.09768 3.90659 265-765
1 2.54736 3.91129 635-781
1 3.43458 3.99862 10-229
1 2.15768 4.01045 243-593
1 1.80271 4.01635 701-833
1 3.20711 4.07692 256-336
2 3.9506 4.08246 162-747-865
1 2.4055 4.12676 505-944
1 2.01978 4.16512 328-684
1 3.49504 4.26486 769-845
1 2.43214 4.37089 457-699
1 3.70437 4.60444 326-984
1 1.97729 4.6699 163-706
1 1.72867 4.86538 676-981
2 5.28684 8.5 393-756-862
