0 0 8.5 0
0 0 0.0740117 994
0 0 0.0879152 535
0 0 0.0884663 612
0 0 0.0970289 560
0 0 0.100108 417
0 0 0.101641 974
0 0 0.104895 441
0 0 0.110085 717
0 0 0.112338 648
0 0 0.114124 286
0 0 0.117954 771
0 0 0.127785 336
0 0 0.134483 693
0 0 0.135189 627
0 0 0.137217 961
0 0 0.13741 628
0 0 0.154126 320
0 0 0.162931 827
0 0 0.17066 883
0 0 0.172923 700
0 0 0.1746 967
0 0 0.175731 354
0 0 0.177767 935
0 0 0.178137 733
0 0 0.181824 829
0 0 0.188142 822
0 0 0.189753 386
0 0 0.191319 395
0 0 0.193206 457
0 0 0.197233 753
0 0 0.198943 677
0 0 0.199467 177
0 0 0.199711 982
0 0 0.201627 767
0 0 0.203408 978
0 0 0.204793 906
0 0 0.205612 816
0 0 0.206552 844
0 0 0.207135 618
0 0 0.216142 573
0 0 0.2179 863
0 0 0.224071 594
0 0 0.225623 963
0 0 0.226971 655
0 0 0.229183 267
0 0 0.231518 565
0 0 0.241752 732
0 0 0.241948 769
0 0 0.243233 972
0 0 0.245294 669
0 0 0.246751 661
0 0 0.247338 860
0 0 0.247764 939
0 0 0.249061 559
0 0 0.250225 89
0 0 0.252717 492
0 0 0.255453 620
0 0 0.256639 746
0 0 0.257275 461
0 0 0.260224 834
0 0 0.260378 265
0 0 0.262165 989
0 0 0.265537 51
0 0 0.268096 696
0 0 0.268234 838
0 0 0.269539 668
0 0 0.272242 482
0 0 0.273625 678
0 0 0.273919 175
0 0 0.276432 645
0 0 0.278248 123
0 0 0.280977 940
0 0 0.281068 644
0 0 0.281453 566
0 0 0.283867 894
0 0 0.293066 422
0 0 0.294016 226
0 0 0.294454 542
0 0 0.301873 826
0 0 0.305813 371
0 0 0.308265 564
0 0 0.30986 973
0 0 0.310552 365
0 0 0.316473 735
0 0 0.316769 634
0 0 0.317256 724
0 0 0.322829 855
0 0 0.33244 547
0 0 0.33852 519
0 0 0.339356 785
0 0 0.339391 641
0 0 0.339646 947
0 0 0.341191 943
0 0 0.342952 879
0 0 0.346258 342
0 0 0.346411 857
0 0 0.347101 938
0 0 0.348884 983
0 0 0.34981 375
0 0 0.350016 260
0 0 0.350116 739
0 0 0.35419 385
0 0 0.35514 473
0 0 0.366928 839
0 0 0.368568 768
0 0 0.37186 469
0 0 0.372078 901
0 0 0.372672 278
0 0 0.37432 531
0 0 0.375425 307
0 0 0.37574 530
0 0 0.376969 930
0 0 0.377742 495
0 0 0.377743 376
0 0 0.379342 158
0 0 0.379399 563
0 0 0.380334 664
0 0 0.381366 997
0 0 0.382444 956
0 0 0.383817 916
0 0 0.384811 819
0 0 0.386192 870
0 0 0.389657 872
0 0 0.389711 521
0 0 0.389978 633
0 0 0.39782 204
0 0 0.399011 418
0 0 0.4041 782
0 0 0.407961 508
0 0 0.40954 334
0 0 0.41025 797
0 0 0.410269 788
0 0 0.415639 990
0 0 0.420777 727
0 0 0.420812 630
0 0 0.422587 987
0 0 0.424871 623
0 0 0.428523 754
0 0 0.430233 335
0 0 0.430487 899
0 0 0.43056 804
0 0 0.43138 774
0 0 0.431998 927
0 0 0.433446 562
0 0 0.43836 808
0 0 0.440083 603
0 0 0.441288 763
0 0 0.447828 646
0 0 0.450049 399
0 0 0.454391 588
0 0 0.45444 624
0 0 0.4547 454
0 0 0.456092 749
0 0 0.457168 902
0 0 0.459968 723
0 0 0.46003 349
0 0 0.460576 244
0 0 0.461552 596
0 0 0.462431 802
0 0 0.463381 803
0 0 0.463874 730
0 0 0.464304 585
0 0 0.464538 847
0 0 0.464655 932
0 0 0.465177 708
0 0 0.466233 617
0 0 0.467053 619
0 0 0.47038 649
0 0 0.473534 795
0 0 0.474815 886
0 0 0.475198 587
0 0 0.476374 650
0 0 0.484865 988
0 0 0.48524 111
0 0 0.485261 459
0 0 0.485274 882
0 0 0.485707 496
0 0 0.485867 687
0 0 0.486007 575
0 0 0.486232 780
0 0 0.488018 643
0 0 0.488845 818
0 0 0.488913 414
0 0 0.489587 306
0 0 0.492568 836
0 0 0.493393 950
0 0 0.494536 232
0 0 0.495172 824
0 0 0.495474 861
0 0 0.496027 581
0 0 0.496482 854
0 0 0.497215 347
0 0 0.497454 880
0 0 0.498458 135
0 0 0.499429 74
0 0 0.501172 653
0 0 0.502087 361
0 0 0.503952 750
0 0 0.50625 470
0 0 0.506691 364
0 0 0.506798 615
0 0 0.50961 907
0 0 0.510764 703
0 0 0.512236 70
0 0 0.512712 613
0 0 0.515468 245
0 0 0.516499 933
0 0 0.517855 698
0 0 0.518679 556
0 0 0.519634 465
0 0 0.52213 864
0 0 0.524494 569
0 0 0.526487 962
0 0 0.527369 941
0 0 0.528049 254
0 0 0.530405 833
0 0 0.530976 743
0 0 0.531092 516
0 0 0.531249 910
0 0 0.531258 694
0 0 0.533851 387
0 0 0.53672 786
0 0 0.537952 33
0 0 0.538364 929
0 0 0.538428 837
0 0 0.538545 358
0 0 0.54028 327
0 0 0.541156 964
0 0 0.541779 153
0 0 0.543386 931
0 0 0.545768 383
0 0 0.545796 357
0 0 0.546322 477
0 0 0.549926 37
0 0 0.550227 503
0 0 0.551627 949
0 0 0.55255 554
0 0 0.554153 960
0 0 0.558131 675
0 0 0.560233 741
0 0 0.560385 713
0 0 0.561156 356
0 0 0.564024 590
0 0 0.565956 718
0 0 0.567409 555
0 0 0.570148 370
0 0 0.570553 408
0 0 0.570658 719
0 0 0.571439 415
0 0 0.571903 309
0 0 0.574018 877
0 0 0.574122 647
0 0 0.575138 715
0 0 0.57726 865
0 0 0.577808 936
0 0 0.578407 526
0 0 0.579189 147
0 0 0.582659 269
0 0 0.582659 711
0 0 0.582703 288
0 0 0.585299 348
0 0 0.5854 474
0 0 0.585436 103
0 0 0.587725 608
0 0 0.587853 692
0 0 0.587975 297
0 0 0.588546 487
0 0 0.588627 272
0 0 0.589117 790
0 0 0.58942 425
0 0 0.58962 549
0 0 0.591039 878
0 0 0.592937 451
0 0 0.593638 659
0 0 0.594613 312
0 0 0.597352 766
0 0 0.598803 806
0 0 0.599569 80
0 0 0.599594 524
0 0 0.600693 884
0 0 0.600839 794
0 0 0.60241 695
0 0 0.602906 748
0 0 0.604759 622
0 0 0.607302 913
0 0 0.608181 686
0 0 0.60869 275
0 0 0.608821 394
0 0 0.608974 577
0 0 0.609933 497
0 0 0.610976 660
0 0 0.611048 635
0 0 0.612874 374
0 0 0.614037 888
0 0 0.614215 239
0 0 0.614327 543
0 0 0.616038 179
0 0 0.616342 610
0 0 0.616921 657
0 0 0.616996 764
0 0 0.617445 583
0 0 0.617544 580
0 0 0.619004 393
0 0 0.619017 721
0 0 0.622003 638
0 0 0.622566 40
0 0 0.623239 169
0 0 0.625342 242
0 0 0.625411 500
0 0 0.625426 752
0 0 0.62773 799
0 0 0.627861 213
0 0 0.628144 918
0 0 0.628862 440
0 0 0.630618 96
0 0 0.631659 881
0 0 0.632259 316
0 0 0.632808 439
0 0 0.633158 770
0 0 0.634806 781
0 0 0.635722 759
0 0 0.637487 674
0 0 0.63754 475
0 0 0.638482 744
0 0 0.6404 685
0 0 0.642028 851
0 0 0.642287 791
0 0 0.643147 584
0 0 0.644056 192
0 0 0.647242 279
0 0 0.648714 444
0 0 0.648752 731
0 0 0.649125 683
0 0 0.649272 233
0 0 0.650363 891
0 0 0.650577 131
0 0 0.651385 485
0 0 0.651538 373
0 0 0.653216 504
0 0 0.654919 842
0 0 0.655052 363
0 0 0.65777 893
0 0 0.658003 501
0 0 0.658944 295
0 0 0.659714 351
0 0 0.660282 919
0 0 0.660755 410
0 0 0.661699 511
0 0 0.66356 435
0 0 0.666668 636
0 0 0.668313 450
0 0 0.669963 463
0 0 0.671043 321
0 0 0.671682 578
0 0 0.672275 765
0 0 0.674103 820
0 0 0.675495 433
0 0 0.675977 381
0 0 0.67668 762
0 0 0.677289 784
0 0 0.677955 579
0 0 0.678396 904
0 0 0.682815 293
0 0 0.682998 238
0 0 0.683818 512
0 0 0.685152 207
0 0 0.686587 183
0 0 0.688395 800
0 0 0.688674 360
0 0 0.690747 958
0 0 0.692783 494
0 0 0.692854 955
0 0 0.694739 726
0 0 0.695682 710
0 0 0.696089 258
0 0 0.696117 558
0 0 0.697384 850
0 0 0.698242 998
0 0 0.698716 975
0 0 0.70059 821
0 0 0.7024 170
0 0 0.702475 128
0 0 0.704382 756
0 0 0.704919 734
0 0 0.706693 900
0 0 0.707175 812
0 0 0.707673 682
0 0 0.708157 595
0 0 0.709549 702
0 0 0.709638 389
0 0 0.710302 639
0 0 0.710751 572
0 0 0.711014 255
0 0 0.712946 712
0 0 0.713896 740
0 0 0.715681 458
0 0 0.716573 201
0 0 0.716859 483
0 0 0.716939 914
0 0 0.717618 466
0 0 0.718494 390
0 0 0.720399 895
0 0 0.72156 276
0 0 0.722706 486
0 0 0.723744 789
0 0 0.724574 830
0 0 0.727486 642
0 0 0.732305 311
0 0 0.734925 716
0 0 0.735388 705
0 0 0.735464 807
0 0 0.735721 284
0 0 0.735978 681
0 0 0.736464 27
0 0 0.737123 165
0 0 0.737256 71
0 0 0.73836 571
0 0 0.73905 402
0 0 0.739491 430
0 0 0.73986 793
0 0 0.742979 903
0 0 0.743282 843
0 0 0.743553 117
0 0 0.744466 640
0 0 0.746697 424
0 0 0.746709 676
0 0 0.746715 875
0 0 0.747026 923
0 0 0.747393 607
0 0 0.748059 553
0 0 0.749744 937
0 0 0.752597 101
0 0 0.757878 609
0 0 0.76037 745
0 0 0.763979 598
0 0 0.764746 779
0 0 0.770461 533
0 0 0.771156 437
0 0 0.771773 83
0 0 0.772063 287
0 0 0.773722 125
0 0 0.773779 407
0 0 0.77686 197
0 0 0.777874 828
0 0 0.778203 915
0 0 0.780207 747
0 0 0.78197 737
0 0 0.78238 869
0 0 0.782957 235
0 0 0.785093 616
0 0 0.788011 548
0 0 0.788341 534
0 0 0.789215 129
0 0 0.789829 369
0 0 0.791179 707
0 0 0.791598 672
0 0 0.792282 969
0 0 0.792283 632
0 0 0.792926 527
0 0 0.794441 992
0 0 0.795523 122
0 0 0.799828 380
0 0 0.802677 273
0 0 0.804045 246
0 0 0.804455 898
0 0 0.805185 867
0 0 0.805411 679
0 0 0.805699 920
0 0 0.8057 84
0 0 0.810119 502
0 0 0.812944 866
0 0 0.813363 212
0 0 0.817092 787
0 0 0.818735 892
0 0 0.822678 343
0 0 0.823711 996
0 0 0.824109 310
0 0 0.82423 339
0 0 0.824485 308
0 0 0.824709 436
0 0 0.825004 552
0 0 0.828558 751
0 0 0.829527 897
0 0 0.831636 536
0 0 0.831897 738
0 0 0.832132 324
0 0 0.835575 574
0 0 0.83704 190
0 0 0.838171 319
0 0 0.840255 813
0 0 0.840429 614
0 0 0.843248 835
0 0 0.843889 849
0 0 0.844506 709
0 0 0.846256 701
0 0 0.846995 423
0 0 0.849449 966
0 0 0.849905 126
0 0 0.85017 484
0 0 0.850641 965
0 0 0.85275 874
0 0 0.853117 856
0 0 0.853392 506
0 0 0.853434 105
0 0 0.853526 193
0 0 0.85369 725
0 0 0.855419 155
0 0 0.855503 305
0 0 0.856125 597
0 0 0.859224 605
0 0 0.859634 24
0 0 0.859858 266
0 0 0.864474 651
0 0 0.866118 777
0 0 0.868005 993
0 0 0.870769 291
0 0 0.872796 986
0 0 0.874134 809
0 0 0.877109 859
0 0 0.878193 540
0 0 0.878701 944
0 0 0.878837 665
0 0 0.879124 814
0 0 0.879459 815
0 0 0.881129 948
0 0 0.883598 429
0 0 0.883997 853
0 0 0.884617 514
0 0 0.887418 426
0 0 0.890709 728
0 0 0.900428 259
0 0 0.900687 388
0 0 0.900871 328
0 0 0.900919 582
0 0 0.902324 846
0 0 0.907015 689
0 0 0.907822 589
0 0 0.907954 688
0 0 0.908997 942
0 0 0.910712 568
0 0 0.912613 268
0 0 0.914863 876
0 0 0.915572 911
0 0 0.917129 656
0 0 0.918045 113
0 0 0.919515 191
0 0 0.920184 667
0 0 0.922963 561
0 0 0.926383 366
0 0 0.926494 455
0 0 0.926548 928
0 0 0.926843 326
0 0 0.930412 796
0 0 0.930871 499
0 0 0.93113 280
0 0 0.932025 772
0 0 0.932513 283
0 0 0.932886 221
0 0 0.934466 977
0 0 0.934732 896
0 0 0.938382 396
0 0 0.938471 151
0 0 0.939445 761
0 0 0.940352 970
0 0 0.940512 868
0 0 0.940868 300
0 0 0.942124 180
0 0 0.942858 353
0 0 0.944832 124
0 0 0.945669 132
0 0 0.946462 384
0 0 0.946581 403
0 0 0.946635 362
0 0 0.946948 406
0 0 0.947245 858
0 0 0.947339 680
0 0 0.947481 127
0 0 0.947888 282
0 0 0.951579 912
0 0 0.951891 729
0 0 0.952045 464
0 0 0.955079 697
0 0 0.955395 379
0 0 0.956255 467
0 0 0.956316 979
0 0 0.957518 195
0 0 0.957603 921
0 0 0.958139 460
0 0 0.959013 606
0 0 0.959136 528
0 0 0.961281 926
0 0 0.961673 202
0 0 0.962071 631
0 0 0.963262 841
0 0 0.964346 391
0 0 0.966632 152
0 0 0.970863 171
0 0 0.972962 77
0 0 0.973489 453
0 0 0.973935 742
0 0 0.974765 490
0 0 0.974846 413
0 0 0.976274 831
0 0 0.980832 281
0 0 0.980994 666
0 0 0.981818 240
0 0 0.981981 377
0 0 0.982577 428
0 0 0.982597 917
0 0 0.982756 45
0 0 0.983445 270
0 0 0.984275 313
0 0 0.986938 758
0 0 0.987513 825
0 0 0.987535 924
0 0 0.98912 952
0 0 0.990691 570
0 0 0.993772 999
0 0 0.993813 817
0 0 0.993952 252
0 0 0.994501 160
0 0 0.995165 340
0 0 0.99634 290
0 0 0.996989 629
0 0 0.997159 760
0 0 0.998906 11
0 0 0.99976 99
0 0 1.00013 925
0 0 1.00083 405
0 0 1.00221 538
0 0 1.00268 75
0 0 1.00461 976
0 0 1.00533 330
0 0 1.01169 181
0 0 1.01334 968
0 0 1.01376 654
0 0 1.0138 355
0 0 1.01451 541
0 0 1.01533 592
0 0 1.01757 88
0 0 1.01919 995
0 0 1.0197 198
0 0 1.02011 478
0 0 1.0205 222
0 0 1.0236 576
0 0 1.02394 757
0 0 1.0252 294
0 0 1.02579 690
0 0 1.02699 106
0 0 1.02935 199
0 0 1.03003 21
0 0 1.03213 154
0 0 1.03349 658
0 0 1.03473 755
0 0 1.03561 971
0 0 1.03633 55
0 0 1.03713 908
0 0 1.03746 871
0 0 1.03848 421
0 0 1.03907 118
0 0 1.04067 94
0 0 1.04179 116
0 0 1.04224 720
1 0.971869 1.04526 193-842
0 0 1.04614 954
0 0 1.04666 67
0 0 1.04849 372
0 0 1.04965 736
0 0 1.05155 216
0 0 1.05186 602
0 0 1.05261 90
0 0 1.05322 985
0 0 1.05339 253
0 0 1.0537 318
0 0 1.05582 196
0 0 1.05904 368
0 0 1.06006 114
0 0 1.06094 449
0 0 1.06165 223
0 0 1.06494 805
0 0 1.06546 600
0 0 1.06607 599
0 0 1.06774 345
0 0 1.06853 241
0 0 1.0688 539
0 0 1.07336 210
0 0 1.07423 337
0 0 1.07506 400
0 0 1.07816 20
0 0 1.07838 714
0 0 1.07861 205
0 0 1.08095 520
0 0 1.08145 663
0 0 1.08242 523
0 0 1.0834 448
0 0 1.08402 442
0 0 1.08467 412
0 0 1.08646 392
0 0 1.08862 72
0 0 1.08899 140
0 0 1.09195 518
0 0 1.09326 344
0 0 1.09347 401
0 0 1.09355 188
0 0 1.09454 298
0 0 1.09609 652
0 0 1.09678 299
0 0 1.09815 367
0 0 1.09929 432
0 0 1.10052 378
0 0 1.10222 143
0 0 1.10322 341
0 0 1.10399 338
0 0 1.10449 517
0 0 1.10548 73
0 0 1.10622 162
0 0 1.11032 47
0 0 1.11075 138
0 0 1.11093 522
0 0 1.11308 586
0 0 1.11629 333
0 0 1.11932 48
0 0 1.11973 889
0 0 1.12094 247
0 0 1.1225 468
0 0 1.12253 85
0 0 1.12338 31
0 0 1.12439 776
0 0 1.12572 509
0 0 1.12794 984
0 0 1.12854 142
0 0 1.12856 792
0 0 1.12968 304
0 0 1.1319 59
0 0 1.13367 102
0 0 1.13711 493
1 1.00334 1.13749 689-884
0 0 1.13762 481
0 0 1.13794 420
0 0 1.14007 185
0 0 1.14453 78
0 0 1.14511 18
0 0 1.14637 419
0 0 1.14647 946
0 0 1.14948 332
0 0 1.15067 691
0 0 1.15271 8
0 0 1.15387 176
1 1.05222 1.15825 154-849
0 0 1.15867 15
0 0 1.15918 810
0 0 1.16036 488
0 0 1.16059 54
0 0 1.16137 1
0 0 1.16416 243
0 0 1.16526 28
0 0 1.16777 248
1 0.836981 1.1714 751-879
0 0 1.17213 261
0 0 1.17564 670
0 0 1.17638 350
0 0 1.17707 136
0 0 1.17747 49
0 0 1.17792 63
0 0 1.18086 39
0 0 1.18323 100
0 0 1.18562 783
0 0 1.18987 438
0 0 1.193 832
0 0 1.19718 32
0 0 1.20169 79
0 0 1.20275 16
0 0 1.20526 885
0 0 1.2059 161
0 0 1.20638 139
0 0 1.20822 6
0 0 1.20902 81
0 0 1.21034 591
0 0 1.21175 206
0 0 1.21311 671
0 0 1.21402 57
0 0 1.2155 5
0 0 1.21878 981
0 0 1.22004 130
0 0 1.22225 811
0 0 1.22286 224
1 1.13748 1.22334 373-782
0 0 1.22395 951
0 0 1.22449 109
0 0 1.22696 447
0 0 1.22888 251
0 0 1.23018 97
0 0 1.23107 673
0 0 1.23604 507
0 0 1.23823 491
0 0 1.2395 76
0 0 1.24213 621
0 0 1.24285 662
0 0 1.24289 722
0 0 1.24329 887
0 0 1.24374 480
0 0 1.24607 489
0 0 1.25085 60
0 0 1.25247 431
0 0 1.25372 359
0 0 1.25678 257
0 0 1.25773 905
0 0 1.25793 285
0 0 1.26092 53
0 0 1.26102 215
0 0 1.26182 873
0 0 1.26327 274
0 0 1.2639 471
0 0 1.26428 289
0 0 1.26675 823
0 0 1.26728 211
0 0 1.26773 227
0 0 1.27086 567
0 0 1.27239 137
0 0 1.27454 801
0 0 1.27916 44
0 0 1.2807 56
0 0 1.28201 446
0 0 1.28349 778
0 0 1.28399 551
0 0 1.28419 959
0 0 1.28674 14
0 0 1.28707 178
0 0 1.28911 46
0 0 1.29592 922
0 0 1.29893 498
1 1.07422 1.30155 459-503
0 0 1.30233 699
0 0 1.30678 174
0 0 1.30917 352
0 0 1.3114 505
0 0 1.31399 41
0 0 1.31679 2
0 0 1.31852 315
0 0 1.31911 98
0 0 1.32813 611
0 0 1.32842 149
0 0 1.32966 510
1 1.1426 1.32988 814-917
0 0 1.33054 537
0 0 1.33109 68
0 0 1.33267 69
0 0 1.33403 909
0 0 1.3344 110
1 1.28434 1.335 747-830
0 0 1.33589 7
0 0 1.33625 773
0 0 1.33634 208
0 0 1.33647 704
0 0 1.33889 848
0 0 1.33923 331
0 0 1.34191 852
1 1.22161 1.34194 682-919
0 0 1.34372 36
0 0 1.3441 43
0 0 1.34746 545
0 0 1.3496 200
0 0 1.34969 416
0 0 1.35025 104
0 0 1.35223 209
0 0 1.35243 706
0 0 1.35277 398
0 0 1.356 513
0 0 1.35607 301
0 0 1.35768 112
0 0 1.35869 557
0 0 1.35987 150
1 1.10194 1.36545 366-911
1 1.36774 8.5 737-761
0 0 1.36795 22
0 0 1.36834 249
0 0 1.36909 452
0 0 1.36944 234
0 0 1.37261 121
0 0 1.37362 382
0 0 1.37434 148
1 1.30996 1.37463 136-463
0 0 1.37469 544
0 0 1.37965 230
0 0 1.38045 445
0 0 1.38706 82
0 0 1.38785 637
0 0 1.39754 91
0 0 1.39835 237
0 0 1.40015 156
0 0 1.40213 52
0 0 1.40686 626
0 0 1.40754 25
0 0 1.40763 625
0 0 1.40951 550
0 0 1.41034 231
0 0 1.41095 462
0 0 1.41418 409
0 0 1.41712 476
0 0 1.41847 411
0 0 1.42243 108
0 0 1.42278 292
0 0 1.42532 173
0 0 1.43075 115
0 0 1.43685 934
0 0 1.43868 220
0 0 1.44204 194
0 0 1.44551 684
1 1.24126 1.45679 78-83
1 1.25403 1.46038 831-952
1 1.23576 1.46152 574-630
0 0 1.46191 217
0 0 1.4653 325
0 0 1.46668 120
0 0 1.46937 203
0 0 1.46974 443
0 0 1.47055 225
0 0 1.47081 346
1 1.31608 1.47515 655-739
0 0 1.47589 146
1 1.36417 1.4781 740-808
0 0 1.47859 798
0 0 1.47944 133
0 0 1.48847 264
0 0 1.4921 427
0 0 1.49312 30
0 0 1.49416 945
0 0 1.49841 957
0 0 1.49893 277
0 0 1.49925 525
1 1.40615 1.49955 83-624
0 0 1.50353 980
0 0 1.50479 322
0 0 1.5051 93
0 0 1.5068 397
0 0 1.50825 42
0 0 1.50892 532
0 0 1.51998 601
0 0 1.52204 38
0 0 1.52223 314
0 0 1.5237 10
0 0 1.52717 95
1 1.4232 1.5272 327-728
0 0 1.5318 479
1 1.47778 1.53285 215-885
0 0 1.53642 604
0 0 1.53986 472
0 0 1.54402 953
0 0 1.54409 13
0 0 1.54436 775
1 1.26952 1.54584 319-838
0 0 1.54615 87
0 0 1.55017 262
0 0 1.55353 23
0 0 1.55656 17
1 1.3719 1.55756 273-714
1 1.34425 1.55963 88-865
0 0 1.56506 456
0 0 1.57045 182
0 0 1.57403 434
0 0 1.57412 145
0 0 1.577 35
0 0 1.57728 141
0 0 1.57779 228
0 0 1.58123 4
0 0 1.58622 219
0 0 1.58878 166
0 0 1.58989 64
0 0 1.59049 329
1 1.25416 1.59586 480-835
1 1.31195 1.59644 57-584
0 0 1.5975 172
0 0 1.60296 9
0 0 1.60402 187
0 0 1.61634 19
0 0 1.62608 86
0 0 1.62623 263
0 0 1.63001 302
1 1.36725 1.63933 475-631
0 0 1.63984 65
1 1.40236 1.64023 666-754
0 0 1.64048 189
1 1.37182 1.64076 689-741
1 1.58306 1.64133 124-243
0 0 1.64142 271
0 0 1.64257 134
0 0 1.64298 890
1 1.26136 1.65008 136-784
0 0 1.65192 119
1 1.56195 1.65505 399-656
1 1.39036 1.65617 238-735
0 0 1.65807 184
1 1.66815 8.5 443-674
0 0 1.66825 62
0 0 1.67073 250
0 0 1.6718 66
1 1.61304 1.68882 365-855
1 1.16656 1.70487 495-686
0 0 1.70887 92
0 0 1.71056 991
0 0 1.71157 214
1 1.56295 1.71281 500-745
0 0 1.71352 157
0 0 1.71455 515
1 1.37653 1.72446 126-607
0 0 1.73471 404
0 0 1.74522 323
0 0 1.74654 236
0 0 1.74893 168
0 0 1.75068 12
1 1.32105 1.75072 690-820
1 1.23903 1.75357 355-912
0 0 1.75376 862
0 0 1.75571 164
0 0 1.75719 50
0 0 1.76299 159
1 1.58428 1.7632 332-917
0 0 1.76973 546
0 0 1.77578 167
1 1.46562 1.77928 276-959
0 0 1.78039 26
1 1.62007 1.7832 332-428
1 1.698 1.78561 268-396
0 0 1.82778 163
0 0 1.83961 593
1 1.54716 1.84154 79-604
0 0 1.84456 218
1 1.5352 1.84831 355-959
0 0 1.85206 34
0 0 1.85625 29
1 1.75498 1.86266 640-778
0 0 1.86465 186
1 1.18883 1.86942 536-925
1 1.63911 1.87613 127-391
1 1.60899 1.87895 428-614
1 1.44983 1.88335 210-333
1 1.72409 1.88895 517-975
0 0 1.90187 296
1 1.38656 1.9081 116-577
0 0 1.90868 107
1 1.75238 1.91087 187-401
1 1.79075 1.91313 185-340
0 0 1.91352 529
1 1.28256 1.91402 118-825
0 0 1.92369 303
1 1.19743 1.92805 412-686
1 1.23601 1.93124 151-807
1 1.8294 1.93917 165-953
0 0 1.96255 144
1 1.87579 1.96454 189-263
0 0 1.97022 58
0 0 1.97096 256
0 0 1.9726 229
0 0 1.98152 3
1 1.72 1.98503 149-925
1 1.28561 1.98861 294-638
1 1.60062 1.99874 442-653
1 1.7609 1.99991 199-249
1 1.53321 2.00983 621-773
1 1.39967 2.02229 567-873
1 1.27481 2.06201 126-740
1 1.82723 2.06957 283-644
1 2.00037 2.07665 516-734
1 1.72405 2.08637 94-440
1 1.74463 2.09701 603-817
0 0 2.10778 840
1 2.04648 2.11138 87-104
1 2.03996 2.12562 669-887
1 1.81118 2.12647 109-221
1 1.71651 2.13237 191-635
1 1.96058 2.13468 246-626
1 1.5478 2.15468 161-625
1 1.77557 2.16433 431-936
0 0 2.17158 317
1 1.85941 2.17542 28-98
1 1.51494 2.184 599-777
1 2.02094 2.21084 314-316
1 1.98692 2.21157 658-871
1 1.26105 2.21237 841-936
1 1.7386 2.2147 346-946
1 1.66906 2.22097 67-238
0 0 2.24678 61
1 1.99221 2.24682 525-736
1 1.8422 2.24933 52-93
1 2.12245 2.26175 50-184
1 1.8855 2.26909 134-812
0 0 2.284 845
1 2.23495 2.28617 1-432
1 1.50746 2.28869 555-794
1 1.87369 2.30616 138-322
1 1.48207 2.31313 45-877
1 2.19646 2.32925 253-405
1 1.89524 2.33534 348-611
1 1.53366 2.34246 473-702
1 2.19683 2.34375 231-682
1 1.60696 2.35311 555-720
1 1.9591 2.36132 436-663
1 1.70442 2.37498 187-244
1 2.15723 2.38294 593-809
1 1.71734 2.39674 211-943
1 2.35846 2.41607 206-736
1 1.52544 2.41613 568-600
1 2.28919 2.43142 741-970
1 1.85796 2.45469 159-722
1 2.29103 2.45615 189-969
1 1.60509 2.47029 626-953
1 2.42498 2.49109 58-350
1 1.75831 2.49886 202-310
1 2.35325 2.49958 915-922
1 1.6296 2.50928 753-822
1 2.12836 2.52527 261-482
1 1.76819 2.53908 299-697
1 2.02802 2.54006 95-753
1 2.39189 2.54059 35-245
1 2.34671 2.54176 251-557
1 1.70132 2.54199 392-671
1 2.04102 2.54209 743-778
1 1.50821 2.54657 930-934
1 2.37135 2.55703 452-831
1 1.67897 2.55804 30-960
1 2.24699 2.5645 272-759
1 2.2435 2.57509 524-805
1 1.93212 2.57534 237-743
1 1.72298 2.5775 282-933
1 2.38234 2.5867 80-664
1 2.4032 2.59204 164-524
1 2.49096 2.60047 262-434
1 1.60229 2.62484 38-352
1 1.73653 2.62688 652-850
1 1.9766 2.62833 4-843
1 2.46191 2.6317 270-950
1 1.77995 2.64426 13-923
1 2.17473 2.66009 557-601
1 2.49789 2.66595 302-779
1 1.87843 2.6801 164-864
1 2.55082 2.69296 513-957
1 1.97183 2.6953 462-585
1 1.42478 2.70726 43-91
1 2.41994 2.71967 76-229
1 2.05064 2.72082 248-385
1 2.40667 2.73774 632-921
1 2.54524 2.75802 280-462
1 1.68505 2.75926 220-775
1 2.22316 2.76809 225-848
1 1.93829 2.77823 274-405
1 2.66675 2.79892 236-954
1 2.22411 2.80384 190-861
1 1.77795 2.82409 96-289
1 2.56699 2.83721 307-945
1 2.45631 2.85546 187-839
1 2.70693 2.856 94-468
1 2.58775 2.85881 217-416
1 1.63897 2.86123 130-414
1 2.62431 2.87101 61-488
1 2.42625 2.87746 87-998
1 2.0116 2.88023 200-296
1 2.19118 2.88326 115-934
1 2.02592 2.90854 90-447
1 2.17901 2.92793 290-340
1 2.47009 2.93424 290-916
1 1.7291 2.94066 6-664
1 1.65403 2.94371 359-837
1 1.94527 2.94765 7-398
1 2.86919 2.95068 317-699
1 2.01328 2.95342 313-416
1 2.34405 2.97085 145-228
1 2.84443 2.9789 352-706
1 1.98331 2.98655 397-798
1 2.92925 3.0063 290-656
1 2.52815 3.03405 451-547
1 2.75571 3.03581 101-904
1 1.99073 3.04662 58-560
1 2.57898 3.04773 298-836
1 2.28051 3.05227 214-945
1 2.04987 3.07964 646-796
1 2.63666 3.08416 191-935
1 2.82214 3.09295 935-965
1 1.69797 3.10053 413-933
1 2.48301 3.10214 217-529
1 2.79507 3.11347 218-681
1 1.59813 3.14247 314-908
1 2.42019 3.15613 159-320
1 2.0393 3.16001 611-634
1 2.67967 3.17663 313-529
1 2.74201 3.18398 285-991
1 2.94145 3.18647 601-766
1 2.19511 3.21076 472-497
1 1.43594 3.21599 69-523
1 3.14544 3.21876 380-952
1 2.45196 3.22405 337-550
1 2.61681 3.23138 434-550
1 1.92511 3.23321 466-980
1 2.73506 3.24461 323-845
1 2.18832 3.25484 129-926
1 2.33455 3.26697 156-456
1 1.70405 3.32153 671-986
1 1.8473 3.37555 262-801
1 1.93985 3.38745 287-981
1 2.1441 3.38783 161-902
1 2.3733 3.41841 301-683
1 2.75117 3.45004 862-991
1 1.70534 3.48161 170-194
1 1.80009 3.49329 203-985
1 3.40441 3.50192 382-885
1 2.19052 3.52459 357-840
1 1.84674 3.5339 701-833
1 2.58863 3.54352 387-954
1 1.7586 3.57318 92-450
1 2.28946 3.58775 504-991
1 2.13918 3.6384 206-452
1 3.06991 3.81961 125-840
1 1.72428 3.83742 133-304
1 2.20776 3.88041 12-132
1 1.76546 3.92674 798-909
1 2.163 3.94376 265-765
1 2.58819 3.96479 781-803
1 2.12243 3.99295 243-593
1 3.42671 4.0081 10-229
1 3.20702 4.02233 256-336
2 3.97949 4.10812 162-747-865
1 2.47431 4.12254 505-944
1 1.99743 4.1498 328-684
1 3.51126 4.27062 769-845
1 2.3798 4.36174 457-699
1 3.7354 4.61591 326-984
1 1.97928 4.65425 163-706
1 1.71106 4.84784 676-981
2 5.30192 8.5 393-756-862
