0 0 8.5 0
0 0 0.0716695 286
0 0 0.07553 535
0 0 0.0820884 417
0 0 0.0873472 827
0 0 0.0906458 612
0 0 0.0969875 573
0 0 0.100721 994
0 0 0.111378 320
0 0 0.124553 883
0 0 0.130247 829
0 0 0.131242 177
0 0 0.132981 974
0 0 0.133138 336
0 0 0.137258 961
0 0 0.144401 972
0 0 0.145799 395
0 0 0.148632 844
0 0 0.149672 693
0 0 0.152769 627
0 0 0.160598 677
0 0 0.160948 560
0 0 0.163572 678
0 0 0.164439 628
0 0 0.164581 771
0 0 0.167836 717
0 0 0.171143 753
0 0 0.174823 648
0 0 0.178301 441
0 0 0.181181 733
0 0 0.188387 978
0 0 0.192069 857
0 0 0.197011 700
0 0 0.198424 265
0 0 0.200095 457
0 0 0.200526 834
0 0 0.201738 822
0 0 0.207104 559
0 0 0.20867 594
0 0 0.210035 816
0 0 0.211307 935
0 0 0.218198 767
0 0 0.218875 565
0 0 0.219247 618
0 0 0.219927 51
0 0 0.222924 123
0 0 0.22297 863
0 0 0.22989 732
0 0 0.229961 982
0 0 0.240754 422
0 0 0.242467 906
0 0 0.243169 365
0 0 0.245861 894
0 0 0.250615 645
0 0 0.252477 89
0 0 0.25384 746
0 0 0.254184 385
0 0 0.256063 492
0 0 0.257684 769
0 0 0.262526 620
0 0 0.26429 785
0 0 0.265876 226
0 0 0.265882 940
0 0 0.268669 939
0 0 0.268812 669
0 0 0.271463 386
0 0 0.272198 963
0 0 0.273925 826
0 0 0.274828 267
0 0 0.275941 655
0 0 0.278723 860
0 0 0.283184 967
0 0 0.288536 973
0 0 0.288731 566
0 0 0.291683 542
0 0 0.296546 634
0 0 0.301185 735
0 0 0.303863 872
0 0 0.3042 260
0 0 0.307399 375
0 0 0.31188 204
0 0 0.311925 354
0 0 0.315771 855
0 0 0.315859 838
0 0 0.316133 495
0 0 0.318324 989
0 0 0.319303 641
0 0 0.321493 901
0 0 0.321869 482
0 0 0.322059 668
0 0 0.323902 947
0 0 0.324756 371
0 0 0.337692 739
0 0 0.338807 547
0 0 0.347181 531
0 0 0.347751 839
0 0 0.349101 473
0 0 0.353858 943
0 0 0.362991 990
0 0 0.363743 564
0 0 0.36408 278
0 0 0.368643 997
0 0 0.369885 519
0 0 0.370878 342
0 0 0.37216 879
0 0 0.374179 938
0 0 0.374813 617
0 0 0.375632 768
0 0 0.376427 399
0 0 0.377966 661
0 0 0.381232 335
0 0 0.381567 461
0 0 0.382046 788
0 0 0.384092 724
0 0 0.385632 175
0 0 0.388788 596
0 0 0.389826 644
0 0 0.394489 376
0 0 0.395136 754
0 0 0.397068 562
0 0 0.397469 983
0 0 0.397653 927
0 0 0.398734 530
0 0 0.399448 730
0 0 0.400035 349
0 0 0.401691 870
0 0 0.403148 696
0 0 0.404344 861
0 0 0.404499 703
0 0 0.405159 664
0 0 0.407475 987
0 0 0.408054 819
0 0 0.408752 418
0 0 0.411547 521
0 0 0.415683 469
0 0 0.418218 708
0 0 0.419117 916
0 0 0.423104 356
0 0 0.423326 630
0 0 0.4283 774
0 0 0.428935 588
0 0 0.429361 804
0 0 0.432289 158
0 0 0.435611 232
0 0 0.437221 886
0 0 0.438063 459
0 0 0.438793 650
0 0 0.439611 334
0 0 0.440821 797
0 0 0.442302 307
0 0 0.442618 910
0 0 0.444321 603
0 0 0.444409 254
0 0 0.445211 930
0 0 0.445215 623
0 0 0.445725 808
0 0 0.447186 882
0 0 0.447686 244
0 0 0.450435 613
0 0 0.45189 803
0 0 0.453465 454
0 0 0.455668 847
0 0 0.45715 727
0 0 0.457271 633
0 0 0.457749 741
0 0 0.461485 802
0 0 0.463474 931
0 0 0.463702 643
0 0 0.467987 408
0 0 0.470192 306
0 0 0.473059 719
0 0 0.47325 713
0 0 0.474433 414
0 0 0.474667 782
0 0 0.474845 988
0 0 0.480221 575
0 0 0.481994 624
0 0 0.483428 899
0 0 0.485513 956
0 0 0.485885 902
0 0 0.486508 763
0 0 0.48812 358
0 0 0.488295 288
0 0 0.490887 964
0 0 0.491832 364
0 0 0.492499 962
0 0 0.493224 496
0 0 0.493582 587
0 0 0.494731 687
0 0 0.496161 715
0 0 0.496502 675
0 0 0.499754 880
0 0 0.499978 749
0 0 0.501175 649
0 0 0.501185 864
0 0 0.501604 470
0 0 0.503681 941
0 0 0.504081 932
0 0 0.505224 653
0 0 0.505812 111
0 0 0.507303 619
0 0 0.507487 950
0 0 0.50852 357
0 0 0.50887 370
0 0 0.509805 748
0 0 0.510536 387
0 0 0.510782 474
0 0 0.511281 347
0 0 0.511615 581
0 0 0.512166 70
0 0 0.512326 516
0 0 0.512641 824
0 0 0.51368 750
0 0 0.517176 608
0 0 0.518228 723
0 0 0.521499 585
0 0 0.524558 646
0 0 0.524639 465
0 0 0.525208 563
0 0 0.529211 694
0 0 0.529639 638
0 0 0.534665 780
0 0 0.534696 718
0 0 0.535292 297
0 0 0.536673 327
0 0 0.536972 615
0 0 0.537761 907
0 0 0.540254 74
0 0 0.540717 451
0 0 0.54178 361
0 0 0.543102 37
0 0 0.543182 33
0 0 0.545907 818
0 0 0.548405 837
0 0 0.548821 556
0 0 0.548832 836
0 0 0.55125 590
0 0 0.55262 877
0 0 0.553129 508
0 0 0.554703 135
0 0 0.554846 743
0 0 0.555904 806
0 0 0.558223 854
0 0 0.559247 272
0 0 0.560199 698
0 0 0.560626 503
0 0 0.561773 440
0 0 0.563625 153
0 0 0.564646 711
0 0 0.564993 786
0 0 0.565832 881
0 0 0.566935 526
0 0 0.567 795
0 0 0.567162 833
0 0 0.567787 949
0 0 0.568998 884
0 0 0.570154 383
0 0 0.570422 500
0 0 0.570446 179
0 0 0.570889 888
0 0 0.571437 647
0 0 0.571821 781
0 0 0.573794 660
0 0 0.574336 686
0 0 0.575647 692
0 0 0.575835 583
0 0 0.577632 147
0 0 0.577987 238
0 0 0.578171 764
0 0 0.579624 393
0 0 0.580162 348
0 0 0.584125 239
0 0 0.584869 487
0 0 0.585032 936
0 0 0.585144 913
0 0 0.586158 80
0 0 0.586759 933
0 0 0.587829 554
0 0 0.588038 245
0 0 0.596541 415
0 0 0.59676 524
0 0 0.598736 374
0 0 0.599932 477
0 0 0.600921 569
0 0 0.601934 918
0 0 0.602778 549
0 0 0.604847 279
0 0 0.606289 622
0 0 0.606718 865
0 0 0.607276 555
0 0 0.609591 360
0 0 0.609841 695
0 0 0.611823 580
0 0 0.612285 543
0 0 0.613213 789
0 0 0.613661 756
0 0 0.614615 363
0 0 0.614923 683
0 0 0.615302 635
0 0 0.617405 213
0 0 0.61836 799
0 0 0.620262 721
0 0 0.621639 504
0 0 0.621972 929
0 0 0.622183 878
0 0 0.622611 309
0 0 0.624979 744
0 0 0.625409 312
0 0 0.626035 842
0 0 0.626821 759
0 0 0.630196 731
0 0 0.630494 96
0 0 0.631422 784
0 0 0.632462 710
0 0 0.633686 425
0 0 0.636559 674
0 0 0.637044 103
0 0 0.637477 394
0 0 0.638284 821
0 0 0.644588 439
0 0 0.644593 381
0 0 0.644629 659
0 0 0.645975 766
0 0 0.646983 501
0 0 0.64738 351
0 0 0.647562 893
0 0 0.647873 410
0 0 0.648739 242
0 0 0.649805 450
0 0 0.651899 762
0 0 0.651899 511
0 0 0.652498 657
0 0 0.654996 128
0 0 0.658318 373
0 0 0.660453 321
0 0 0.661446 40
0 0 0.663839 800
0 0 0.664092 435
0 0 0.665209 998
0 0 0.665299 770
0 0 0.665408 752
0 0 0.665663 558
0 0 0.665685 794
0 0 0.665952 685
0 0 0.666155 295
0 0 0.666369 636
0 0 0.667989 640
0 0 0.670063 390
0 0 0.671281 595
0 0 0.672491 578
0 0 0.673152 444
0 0 0.673501 960
0 0 0.676903 791
0 0 0.677229 497
0 0 0.677288 183
0 0 0.678408 584
0 0 0.679258 975
0 0 0.679291 577
0 0 0.685389 790
0 0 0.686176 676
0 0 0.686979 466
0 0 0.688878 316
0 0 0.691142 820
0 0 0.691745 131
0 0 0.692107 233
0 0 0.695015 170
0 0 0.695354 571
0 0 0.696522 914
0 0 0.697358 258
0 0 0.697579 850
0 0 0.700223 192
0 0 0.700545 958
0 0 0.701304 807
0 0 0.702985 851
0 0 0.703274 101
0 0 0.706175 293
0 0 0.70634 533
0 0 0.707802 485
0 0 0.707967 830
0 0 0.708032 610
0 0 0.708238 598
0 0 0.70913 122
0 0 0.713062 607
0 0 0.714274 904
0 0 0.714882 269
0 0 0.715426 740
0 0 0.71778 207
0 0 0.717827 900
0 0 0.718138 512
0 0 0.71871 475
0 0 0.719007 433
0 0 0.720015 275
0 0 0.720719 494
0 0 0.721215 165
0 0 0.722694 875
0 0 0.722906 609
0 0 0.723743 793
0 0 0.724056 169
0 0 0.724115 745
0 0 0.726428 389
0 0 0.72699 642
0 0 0.727445 919
0 0 0.729229 681
0 0 0.730939 579
0 0 0.733917 534
0 0 0.734116 463
0 0 0.737707 84
0 0 0.738284 407
0 0 0.738951 682
0 0 0.740184 458
0 0 0.740638 843
0 0 0.741317 955
0 0 0.742381 572
0 0 0.743041 486
0 0 0.743453 895
0 0 0.743474 707
0 0 0.744408 548
0 0 0.745137 380
0 0 0.746531 483
0 0 0.748883 915
0 0 0.749254 197
0 0 0.750602 255
0 0 0.750616 201
0 0 0.752562 891
0 0 0.754395 235
0 0 0.754593 402
0 0 0.755038 83
0 0 0.75607 702
0 0 0.756603 311
0 0 0.759443 726
0 0 0.75954 276
0 0 0.759908 867
0 0 0.760223 812
0 0 0.760617 737
0 0 0.761619 716
0 0 0.7626 553
0 0 0.762642 284
0 0 0.764625 903
0 0 0.765059 992
0 0 0.766708 923
0 0 0.76733 712
0 0 0.772574 705
0 0 0.773305 853
0 0 0.775281 779
0 0 0.775495 424
0 0 0.775604 672
0 0 0.776782 765
0 0 0.777492 651
0 0 0.778642 552
0 0 0.779108 605
0 0 0.78135 310
0 0 0.782178 369
0 0 0.78358 734
0 0 0.785038 616
0 0 0.785609 273
0 0 0.785883 527
0 0 0.786643 24
0 0 0.789258 71
0 0 0.790119 125
0 0 0.791057 639
0 0 0.792881 725
0 0 0.792884 536
0 0 0.793043 828
0 0 0.795427 324
0 0 0.795466 437
0 0 0.795469 813
0 0 0.79723 129
0 0 0.798175 747
0 0 0.798715 212
0 0 0.801387 430
0 0 0.801702 190
0 0 0.80182 751
0 0 0.803839 287
0 0 0.804775 728
0 0 0.805237 27
0 0 0.805918 937
0 0 0.806017 155
0 0 0.806981 856
0 0 0.809199 502
0 0 0.811875 423
0 0 0.812895 920
0 0 0.813713 193
0 0 0.819006 738
0 0 0.819007 869
0 0 0.819393 709
0 0 0.819761 574
0 0 0.820253 506
0 0 0.820875 898
0 0 0.821931 280
0 0 0.823774 308
0 0 0.824658 965
0 0 0.82687 701
0 0 0.827662 942
0 0 0.831259 996
0 0 0.832689 117
0 0 0.833409 859
0 0 0.836106 319
0 0 0.842386 126
0 0 0.847996 632
0 0 0.852114 266
0 0 0.852563 656
0 0 0.855946 592
0 0 0.856097 689
0 0 0.85837 246
0 0 0.858929 944
0 0 0.862685 874
0 0 0.865147 814
0 0 0.865645 484
0 0 0.866933 969
0 0 0.868361 339
0 0 0.870214 291
0 0 0.870299 436
0 0 0.870415 849
0 0 0.872422 966
0 0 0.872858 429
0 0 0.873576 815
0 0 0.876263 328
0 0 0.876529 993
0 0 0.876939 926
0 0 0.877217 396
0 0 0.877919 614
0 0 0.878258 426
0 0 0.88027 911
0 0 0.881894 761
0 0 0.88306 777
0 0 0.885284 343
0 0 0.886573 127
0 0 0.888325 240
0 0 0.889606 809
0 0 0.891084 866
0 0 0.89573 305
0 0 0.896196 665
0 0 0.898427 391
0 0 0.898894 835
0 0 0.899067 986
0 0 0.899222 21
0 0 0.90142 105
0 0 0.902146 977
0 0 0.903323 514
0 0 0.905485 846
0 0 0.908 970
1 0.827749 0.909859 131-713
0 0 0.909884 896
0 0 0.914578 540
0 0 0.914579 787
0 0 0.915387 897
0 0 0.919147 772
0 0 0.919253 259
0 0 0.92012 171
0 0 0.920867 377
0 0 0.921208 428
0 0 0.922013 589
0 0 0.925155 464
0 0 0.925179 388
0 0 0.925842 499
0 0 0.927404 876
0 0 0.927962 561
0 0 0.929739 283
0 0 0.930598 679
0 0 0.932151 124
0 0 0.934408 841
0 0 0.935326 221
0 0 0.936785 384
0 0 0.937057 455
0 0 0.937332 948
0 0 0.937981 582
0 0 0.939845 252
0 0 0.940718 995
0 0 0.940887 688
0 0 0.942084 917
0 0 0.944185 490
0 0 0.94427 597
0 0 0.944977 758
0 0 0.94592 467
0 0 0.946847 654
0 0 0.947208 528
0 0 0.948809 976
0 0 0.950077 368
0 0 0.950569 924
0 0 0.950975 326
0 0 0.951718 353
0 0 0.952097 160
1 0.870131 0.952744 826-940
0 0 0.95289 362
0 0 0.956279 268
0 0 0.956726 366
0 0 0.961157 413
0 0 0.961525 403
0 0 0.963336 67
0 0 0.96387 154
0 0 0.964005 999
0 0 0.965152 379
0 0 0.965621 113
0 0 0.966282 460
0 0 0.966471 680
0 0 0.966533 892
0 0 0.966694 132
0 0 0.967073 928
0 0 0.967179 300
0 0 0.967925 690
0 0 0.9691 825
0 0 0.970088 742
0 0 0.970859 629
0 0 0.972023 290
0 0 0.973042 631
0 0 0.974568 729
0 0 0.975388 340
0 0 0.975665 541
0 0 0.977484 405
0 0 0.977628 45
0 0 0.978345 760
0 0 0.978424 606
0 0 0.982306 858
0 0 0.983012 191
0 0 0.983404 796
0 0 0.985168 570
0 0 0.985342 223
0 0 0.992529 282
0 0 0.992727 195
0 0 0.995125 453
0 0 0.995467 152
0 0 0.996017 151
0 0 0.998327 421
0 0 1.00391 568
0 0 1.00592 666
0 0 1.00619 222
0 0 1.00688 400
0 0 1.0087 281
0 0 1.00888 697
0 0 1.00941 216
0 0 1.00965 313
0 0 1.00985 912
0 0 1.01093 11
0 0 1.01197 180
0 0 1.01344 99
0 0 1.01375 116
0 0 1.01471 979
0 0 1.01492 330
0 0 1.01657 871
0 0 1.01673 576
0 0 1.01788 667
0 0 1.01868 736
0 0 1.01902 921
0 0 1.02131 952
0 0 1.02163 118
0 0 1.02216 337
0 0 1.02678 198
0 0 1.02765 114
0 0 1.02825 538
0 0 1.02955 985
0 0 1.02985 94
0 0 1.03072 817
0 0 1.03143 493
0 0 1.03282 406
0 0 1.03308 196
0 0 1.03504 318
0 0 1.03523 599
0 0 1.03677 586
0 0 1.0371 202
0 0 1.0371 55
0 0 1.03712 720
0 0 1.03908 757
0 0 1.04054 77
0 0 1.04076 253
0 0 1.04078 868
0 0 1.04168 448
0 0 1.04251 971
0 0 1.04355 181
0 0 1.04364 954
0 0 1.0437 299
0 0 1.04375 199
0 0 1.04446 90
0 0 1.04461 378
0 0 1.04545 270
0 0 1.04678 48
0 0 1.04734 600
0 0 1.05011 831
0 0 1.05044 968
0 0 1.05072 344
0 0 1.05404 20
0 0 1.05456 241
0 0 1.05672 75
0 0 1.05922 294
0 0 1.06017 805
0 0 1.06225 412
0 0 1.06308 88
0 0 1.06417 602
0 0 1.0645 8
0 0 1.06743 401
0 0 1.06771 889
0 0 1.07056 539
0 0 1.07112 73
0 0 1.07418 925
0 0 1.07662 162
0 0 1.07803 72
0 0 1.07815 298
0 0 1.07945 663
0 0 1.07975 755
0 0 1.08106 106
0 0 1.08123 478
0 0 1.08364 345
0 0 1.08548 984
0 0 1.08627 468
0 0 1.08856 518
0 0 1.08913 792
0 0 1.09048 338
0 0 1.09239 908
0 0 1.0938 31
0 0 1.09437 188
0 0 1.09462 658
0 0 1.09505 367
0 0 1.09578 138
0 0 1.0962 18
0 0 1.09799 247
0 0 1.09881 522
0 0 1.10038 210
0 0 1.10429 449
0 0 1.10657 392
0 0 1.10754 205
0 0 1.10857 442
0 0 1.11131 333
0 0 1.11343 523
0 0 1.11392 776
0 0 1.11457 136
0 0 1.11644 946
0 0 1.11756 102
0 0 1.1185 520
0 0 1.11903 591
0 0 1.12701 691
0 0 1.12811 176
0 0 1.12927 332
0 0 1.13054 142
0 0 1.1308 243
0 0 1.13135 517
0 0 1.13288 16
0 0 1.13464 670
0 0 1.1371 79
0 0 1.14042 355
0 0 1.1413 49
0 0 1.14231 140
0 0 1.143 47
0 0 1.14624 832
0 0 1.14939 372
0 0 1.15019 261
0 0 1.15051 419
0 0 1.15329 420
0 0 1.15472 981
0 0 1.15738 432
0 0 1.15911 304
1 1.02335 1.15934 689-884
0 0 1.15946 143
0 0 1.15955 161
0 0 1.16443 481
0 0 1.16535 341
0 0 1.16614 652
0 0 1.16739 488
0 0 1.16899 1
0 0 1.1692 85
1 1.09246 1.17033 154-353
0 0 1.17577 28
1 0.893042 1.17584 751-879
0 0 1.17614 63
0 0 1.18051 714
0 0 1.18327 78
0 0 1.1838 438
0 0 1.18457 662
0 0 1.18608 139
0 0 1.18979 248
0 0 1.19175 350
0 0 1.19509 951
0 0 1.19637 206
0 0 1.19954 100
0 0 1.20148 885
0 0 1.20413 509
0 0 1.20431 491
0 0 1.20788 59
0 0 1.21189 185
0 0 1.214 810
0 0 1.21559 905
0 0 1.21565 224
0 0 1.21857 801
0 0 1.21908 480
0 0 1.22034 673
0 0 1.22435 57
0 0 1.22887 783
0 0 1.22902 15
0 0 1.22996 174
0 0 1.23003 446
0 0 1.23033 39
0 0 1.23204 722
0 0 1.23239 97
0 0 1.23334 359
0 0 1.23444 621
0 0 1.23542 811
0 0 1.23812 32
0 0 1.23888 507
0 0 1.23913 873
0 0 1.23914 44
0 0 1.24558 778
0 0 1.2504 251
0 0 1.25236 53
0 0 1.25289 551
0 0 1.25478 54
0 0 1.25633 887
0 0 1.25743 6
0 0 1.26069 471
0 0 1.26138 489
0 0 1.26334 5
0 0 1.26343 671
0 0 1.26484 76
0 0 1.26725 498
0 0 1.26889 922
0 0 1.26961 81
0 0 1.27115 130
0 0 1.27248 289
0 0 1.27533 178
0 0 1.27569 60
0 0 1.27775 209
0 0 1.27787 56
0 0 1.27797 46
0 0 1.27807 68
0 0 1.27897 215
0 0 1.28159 109
0 0 1.28575 959
0 0 1.28609 285
0 0 1.28983 505
0 0 1.28984 112
0 0 1.29302 567
0 0 1.29327 416
0 0 1.29377 447
1 1.11025 1.2944 368-459
0 0 1.2946 431
0 0 1.297 257
0 0 1.29872 301
0 0 1.29928 315
0 0 1.30036 227
1 1.1104 1.30225 193-917
0 0 1.30256 98
0 0 1.30311 510
0 0 1.30364 137
0 0 1.30675 82
0 0 1.30889 52
1 1.16351 1.30994 682-919
0 0 1.31053 545
0 0 1.31603 823
0 0 1.31809 704
0 0 1.32045 41
0 0 1.32073 211
0 0 1.32157 699
0 0 1.32228 852
0 0 1.32608 121
1 1.26686 1.32973 747-830
0 0 1.33037 69
0 0 1.33312 274
0 0 1.3363 150
0 0 1.33829 208
0 0 1.33893 909
0 0 1.34697 43
1 1.27111 1.34882 180-966
0 0 1.34955 611
0 0 1.35001 2
0 0 1.35614 773
0 0 1.35718 537
0 0 1.36024 445
0 0 1.36043 398
0 0 1.36443 352
0 0 1.36973 22
0 0 1.36983 203
0 0 1.37058 149
0 0 1.3719 684
0 0 1.37225 110
0 0 1.37231 7
0 0 1.37266 513
0 0 1.3733 148
0 0 1.37331 14
0 0 1.37545 234
0 0 1.38095 411
0 0 1.38104 314
0 0 1.38261 557
1 1.08241 1.38307 366-974
0 0 1.38477 848
0 0 1.38754 331
0 0 1.38799 292
0 0 1.39017 476
0 0 1.39046 249
0 0 1.39051 934
0 0 1.39267 200
0 0 1.39365 25
0 0 1.39396 237
0 0 1.39451 637
1 1.39744 8.5 737-761
0 0 1.40122 325
0 0 1.4029 625
0 0 1.40471 217
1 1.30936 1.40544 154-240
0 0 1.40661 220
0 0 1.40708 104
0 0 1.40959 91
0 0 1.40989 452
1 1.34301 1.41028 258-884
0 0 1.41446 382
0 0 1.41621 462
0 0 1.41641 525
0 0 1.42034 120
0 0 1.42748 115
0 0 1.42901 146
0 0 1.43164 626
0 0 1.43545 409
0 0 1.43707 156
0 0 1.43929 231
0 0 1.44027 346
0 0 1.44105 550
0 0 1.44245 230
0 0 1.44446 194
0 0 1.44667 706
0 0 1.44843 544
0 0 1.45036 601
1 1.27505 1.45082 78-83
0 0 1.45175 108
0 0 1.45276 427
0 0 1.45815 980
0 0 1.4624 798
1 1.31743 1.46836 655-739
0 0 1.46963 443
0 0 1.47206 277
0 0 1.47648 38
0 0 1.47733 133
1 1.38699 1.47956 327-728
0 0 1.4803 957
0 0 1.48037 30
0 0 1.48144 263
0 0 1.48234 87
0 0 1.48285 397
0 0 1.48332 36
0 0 1.48338 479
1 1.29058 1.48846 831-952
0 0 1.48905 302
0 0 1.49176 23
0 0 1.49292 10
0 0 1.49599 4
0 0 1.50045 93
0 0 1.50375 173
0 0 1.5083 42
1 1.41435 1.5088 740-808
0 0 1.51265 322
0 0 1.52042 35
0 0 1.52507 945
0 0 1.5258 64
1 1.40177 1.52893 273-714
1 1.3065 1.52914 185-558
0 0 1.5322 264
0 0 1.53258 532
1 1.33089 1.53283 83-624
1 1.48082 1.53443 215-885
0 0 1.53561 604
0 0 1.5381 141
0 0 1.54701 329
0 0 1.54889 145
0 0 1.54955 953
0 0 1.54968 166
0 0 1.55498 456
0 0 1.5555 775
1 1.49758 1.56104 376-956
1 1.34156 1.56385 88-865
0 0 1.56458 472
1 1.28726 1.56599 319-838
0 0 1.57166 182
0 0 1.57604 13
0 0 1.58621 225
0 0 1.58931 95
1 1.27611 1.59025 475-631
0 0 1.59404 250
0 0 1.60007 219
0 0 1.60142 262
0 0 1.60571 172
1 1.35369 1.60617 666-754
1 1.26141 1.60799 86-480
1 1.31677 1.60802 57-584
1 1.5368 1.60808 30-227
0 0 1.61158 66
0 0 1.61589 92
1 1.52913 1.62065 124-243
0 0 1.62444 17
0 0 1.62494 189
0 0 1.6258 9
0 0 1.63512 19
1 1.26966 1.64269 151-665
0 0 1.64444 228
0 0 1.6449 65
0 0 1.64609 134
0 0 1.64836 434
0 0 1.65409 86
0 0 1.65523 515
1 1.38803 1.6561 238-735
1 1.43115 1.65845 689-741
0 0 1.65853 62
0 0 1.66247 187
1 1.60172 1.66403 588-866
0 0 1.67072 271
0 0 1.67271 119
1 1.67801 8.5 219-562
0 0 1.68224 890
0 0 1.68443 991
0 0 1.69186 167
1 1.60823 1.70064 500-745
0 0 1.70417 184
1 1.4084 1.72392 126-607
0 0 1.7257 157
1 1.54367 1.72691 332-917
0 0 1.73071 164
1 1.17452 1.73336 827-828
0 0 1.73571 50
1 1.19414 1.73696 355-912
1 1.51282 1.73786 399-656
0 0 1.74512 159
0 0 1.75033 214
1 1.66554 1.75318 365-855
0 0 1.76366 168
0 0 1.76699 862
1 1.32652 1.77031 54-887
0 0 1.77254 12
1 1.36008 1.77315 276-959
0 0 1.77319 546
1 1.47144 1.77681 355-959
0 0 1.78288 404
0 0 1.78982 323
0 0 1.80403 593
0 0 1.80769 26
0 0 1.81526 163
0 0 1.81788 236
1 1.58937 1.82433 332-428
0 0 1.83132 218
0 0 1.83893 29
1 1.75225 1.85462 626-967
0 0 1.86262 3
1 1.58063 1.86336 79-604
1 1.67082 1.86628 127-391
1 1.8048 1.86833 358-420
1 1.81401 1.87352 188-960
1 1.80448 1.87373 521-605
0 0 1.87579 296
0 0 1.88662 34
0 0 1.90005 58
1 1.61984 1.90034 428-614
0 0 1.90085 107
1 1.70579 1.90472 517-975
0 0 1.90811 186
0 0 1.91135 529
1 1.69926 1.9202 187-401
1 1.35549 1.92213 116-577
1 1.85088 1.92306 165-953
1 1.7739 1.92408 185-340
1 1.34938 1.9366 420-731
0 0 1.93975 303
1 1.24487 1.94809 294-428
1 1.51977 1.95183 210-333
0 0 1.95633 144
0 0 1.95984 256
1 1.32282 1.96272 294-638
1 1.72212 1.96378 94-440
1 1.51497 1.9842 621-773
1 1.58536 1.98695 442-653
1 1.22096 1.98808 412-686
1 1.79008 1.9931 199-249
1 1.23155 2.00044 20-687
1 1.34858 2.00751 567-873
0 0 2.01577 229
1 1.95841 2.02726 594-680
1 1.8044 2.02962 283-644
1 1.28213 2.04647 126-740
1 1.65717 2.10575 149-925
0 0 2.11474 840
1 1.94938 2.11563 549-626
1 1.80693 2.11659 388-817
1 2.05768 2.13015 4-214
1 2.01699 2.13267 314-316
1 1.50619 2.14194 599-777
1 1.82812 2.14805 109-221
1 1.79499 2.15369 431-936
0 0 2.15836 317
1 1.67248 2.17146 67-238
1 1.61731 2.18303 146-579
1 1.74647 2.19794 191-635
1 1.84455 2.19866 134-812
0 0 2.2095 61
1 1.86518 2.21547 28-98
1 1.95056 2.22376 658-871
1 1.74178 2.22669 346-946
1 1.34648 2.26053 841-936
1 2.16011 2.26536 50-184
1 1.50288 2.26601 45-877
1 1.5796 2.27498 473-702
1 1.87195 2.27677 422-892
1 1.53606 2.29762 555-794
1 1.93836 2.30798 138-322
0 0 2.31457 845
1 1.5489 2.31647 555-720
1 1.83851 2.32145 348-611
1 2.23107 2.32548 1-432
1 2.22758 2.32794 253-405
1 1.68171 2.36361 187-244
1 2.12941 2.36995 525-736
1 2.29374 2.37472 593-809
1 1.63854 2.37959 753-822
1 2.21416 2.38125 231-682
1 1.67499 2.38935 675-750
1 2.36501 2.41519 741-970
1 1.49794 2.42668 568-600
1 2.23735 2.45005 189-969
1 1.89991 2.4597 159-722
1 1.98386 2.4645 436-663
1 1.64634 2.47227 626-953
1 2.10593 2.48226 743-778
1 1.54713 2.49208 930-934
1 1.77601 2.49592 202-310
1 1.80486 2.51083 30-960
1 2.44565 2.51116 58-350
1 1.81146 2.51206 299-491
1 2.47705 2.53091 39-831
1 1.89063 2.53937 237-743
1 2.40567 2.54113 35-245
1 2.20017 2.54801 524-805
1 2.01093 2.55644 95-753
1 2.15848 2.55888 261-482
1 2.30274 2.56152 80-664
1 1.67453 2.56479 392-671
1 2.33621 2.57191 251-557
1 2.37045 2.57462 452-831
1 2.37795 2.57951 272-759
1 2.38259 2.59293 915-922
1 1.68822 2.59686 13-923
1 1.96306 2.6028 4-843
1 1.71345 2.60796 413-860
1 1.68077 2.61695 652-850
1 1.59103 2.6178 38-352
1 2.21788 2.62822 557-601
1 2.50723 2.6304 262-434
1 2.40423 2.63571 164-524
1 1.96762 2.64538 462-585
1 2.43139 2.64626 270-950
1 2.58765 2.65859 513-957
1 2.34449 2.65902 76-229
1 1.93531 2.67396 164-864
1 2.54646 2.69303 302-779
1 2.02463 2.70488 248-385
1 2.39575 2.73637 632-921
1 1.53915 2.74573 43-91
1 1.74206 2.76384 220-775
1 2.63593 2.76459 236-954
1 2.2161 2.77104 190-861
1 2.46784 2.78707 307-945
1 1.92187 2.80346 274-405
1 2.61757 2.81086 61-488
1 2.63018 2.81515 468-629
1 1.58781 2.82123 130-414
1 2.50748 2.82783 187-839
1 2.57366 2.83389 280-462
1 1.77544 2.83429 96-289
1 2.17039 2.84187 225-848
1 1.98304 2.86808 90-447
1 1.98611 2.87114 200-296
1 2.55956 2.87203 217-416
1 2.46324 2.90179 290-916
1 2.35205 2.91363 115-934
1 2.77952 2.93101 352-706
1 1.68375 2.93297 359-837
1 2.43621 2.94806 87-998
1 2.37928 2.95136 145-228
1 1.96897 2.95628 58-715
1 2.18618 2.95717 290-340
1 1.95416 2.97244 215-397
1 2.89249 2.97842 317-699
1 1.95684 2.99084 7-398
1 2.58479 3.01134 298-836
1 2.05908 3.01481 313-416
1 2.22414 3.0241 214-945
1 2.52897 3.02442 451-547
1 2.64729 3.02748 191-935
1 1.78075 3.04816 184-980
1 1.65101 3.0509 234-915
1 2.78522 3.0604 101-904
1 2.00939 3.06508 645-796
1 2.54881 3.09504 217-529
1 2.90286 3.10951 218-681
1 2.88646 3.12286 601-766
1 2.67525 3.12365 313-529
1 2.90245 3.13283 935-965
1 2.38456 3.15652 159-230
1 1.64014 3.1621 314-908
1 2.84623 3.17151 323-845
1 2.02092 3.18502 611-634
1 2.48494 3.19372 337-550
1 2.1412 3.19453 472-497
1 2.14132 3.2115 129-926
1 2.75973 3.23547 285-991
1 2.58725 3.26601 434-550
1 2.40054 3.28593 325-456
1 1.89179 3.29426 466-980
1 1.41486 3.29861 69-523
1 1.68373 3.31042 671-986
1 2.06742 3.33085 161-271
1 2.32777 3.33963 301-683
1 1.93239 3.40509 287-981
1 1.83899 3.4268 168-608
1 1.78055 3.43923 203-985
1 1.69272 3.45044 170-194
1 1.86502 3.46861 701-833
1 2.76262 3.52472 862-991
1 2.27251 3.53598 357-840
1 3.3617 3.54635 382-885
1 1.75467 3.55425 676-981
1 2.15735 3.57717 206-452
1 2.56615 3.58113 387-954
1 3.5245 3.58957 382-971
1 2.29161 3.60678 504-991
1 2.9994 3.79427 125-840
1 2.20987 3.8587 12-132
1 2.13934 3.89569 265-765
1 1.76231 3.90002 133-304
1 3.45397 3.92836 10-229
1 2.59323 3.96152 635-781
1 3.16306 4.00378 256-336
1 1.83331 4.02241 262-801
1 2.18437 4.0432 243-593
2 3.9713 4.0952 162-747-865
1 2.51141 4.15278 505-944
1 2.00468 4.20148 394-716
1 3.51369 4.27614 769-845
1 2.40653 4.34445 457-699
1 1.97313 4.60801 163-706
1 3.72832 4.61075 326-984
1 1.72087 4.8893 92-450
2 5.35597 8.5 393-756-862
