0 0 8.5 0
0 0 0.0740036 693
0 0 0.0773017 771
0 0 0.0986543 717
0 0 0.100293 612
0 0 0.100549 417
0 0 0.109588 441
0 0 0.110037 961
0 0 0.113881 535
0 0 0.114576 994
0 0 0.114858 627
0 0 0.1183 974
0 0 0.118846 457
0 0 0.118997 648
0 0 0.124382 827
0 0 0.128933 320
0 0 0.138785 573
0 0 0.141739 395
0 0 0.143573 935
0 0 0.146535 883
0 0 0.148799 336
0 0 0.149577 560
0 0 0.156839 677
0 0 0.160297 978
0 0 0.169467 963
0 0 0.172412 669
0 0 0.177445 844
0 0 0.17772 733
0 0 0.179423 177
0 0 0.181338 753
0 0 0.183473 700
0 0 0.185305 972
0 0 0.186223 746
0 0 0.187877 767
0 0 0.188447 906
0 0 0.200602 51
0 0 0.202165 982
0 0 0.20466 857
0 0 0.205297 265
0 0 0.20997 829
0 0 0.211046 860
0 0 0.216724 594
0 0 0.221417 816
0 0 0.222596 822
0 0 0.224751 123
0 0 0.226642 89
0 0 0.227822 645
0 0 0.228711 618
0 0 0.228923 286
0 0 0.231971 834
0 0 0.239782 939
0 0 0.240001 628
0 0 0.240467 559
0 0 0.241843 422
0 0 0.244038 565
0 0 0.244823 267
0 0 0.246328 655
0 0 0.247409 769
0 0 0.250313 863
0 0 0.251284 732
0 0 0.252394 940
0 0 0.258712 386
0 0 0.263089 354
0 0 0.26823 566
0 0 0.26917 678
0 0 0.269954 967
0 0 0.272904 870
0 0 0.27478 365
0 0 0.276333 492
0 0 0.280447 620
0 0 0.283197 661
0 0 0.287429 482
0 0 0.288237 879
0 0 0.289933 735
0 0 0.290121 838
0 0 0.29115 226
0 0 0.29468 542
0 0 0.299294 371
0 0 0.305261 989
0 0 0.305989 826
0 0 0.311561 634
0 0 0.314871 785
0 0 0.317179 547
0 0 0.317307 855
0 0 0.319384 973
0 0 0.319701 385
0 0 0.324836 668
0 0 0.327349 461
0 0 0.327397 175
0 0 0.32881 260
0 0 0.331278 335
0 0 0.334304 839
0 0 0.338091 768
0 0 0.338535 901
0 0 0.340757 519
0 0 0.341202 983
0 0 0.341874 644
0 0 0.34367 469
0 0 0.345757 641
0 0 0.346401 997
0 0 0.346649 376
0 0 0.349972 938
0 0 0.350334 495
0 0 0.352029 930
0 0 0.353802 894
0 0 0.355863 307
0 0 0.36073 375
0 0 0.361279 564
0 0 0.370349 563
0 0 0.370422 990
0 0 0.371115 724
0 0 0.371292 588
0 0 0.372788 531
0 0 0.372902 603
0 0 0.373597 927
0 0 0.375947 872
0 0 0.376012 947
0 0 0.378726 596
0 0 0.379368 987
0 0 0.381497 739
0 0 0.384321 664
0 0 0.391703 696
0 0 0.393136 763
0 0 0.39802 882
0 0 0.399388 754
0 0 0.399414 956
0 0 0.400516 774
0 0 0.402555 943
0 0 0.403422 530
0 0 0.405537 617
0 0 0.407028 562
0 0 0.408972 342
0 0 0.41331 473
0 0 0.415378 278
0 0 0.417528 496
0 0 0.421161 399
0 0 0.421789 615
0 0 0.422603 819
0 0 0.423306 788
0 0 0.425524 727
0 0 0.426588 730
0 0 0.431016 950
0 0 0.433217 334
0 0 0.43408 232
0 0 0.435179 902
0 0 0.439511 521
0 0 0.439689 803
0 0 0.44163 508
0 0 0.447434 347
0 0 0.44869 158
0 0 0.44893 204
0 0 0.448969 459
0 0 0.450381 624
0 0 0.451666 650
0 0 0.451726 808
0 0 0.454 916
0 0 0.455209 703
0 0 0.457987 797
0 0 0.460895 630
0 0 0.46122 613
0 0 0.465765 932
0 0 0.465859 356
0 0 0.465894 361
0 0 0.466349 244
0 0 0.468609 454
0 0 0.470434 804
0 0 0.471155 70
0 0 0.471958 470
0 0 0.472871 646
0 0 0.475425 988
0 0 0.478178 802
0 0 0.481369 408
0 0 0.482156 587
0 0 0.484882 836
0 0 0.489368 623
0 0 0.490808 387
0 0 0.491304 886
0 0 0.492716 899
0 0 0.495818 581
0 0 0.498282 864
0 0 0.498413 474
0 0 0.498456 694
0 0 0.498935 782
0 0 0.499694 653
0 0 0.500715 931
0 0 0.502296 888
0 0 0.504175 272
0 0 0.504726 633
0 0 0.505055 414
0 0 0.505134 349
0 0 0.505476 880
0 0 0.505955 750
0 0 0.506038 713
0 0 0.506706 718
0 0 0.506712 847
0 0 0.507619 878
0 0 0.508101 766
0 0 0.508275 708
0 0 0.508773 643
0 0 0.510625 608
0 0 0.511687 516
0 0 0.512209 254
0 0 0.513786 659
0 0 0.514004 418
0 0 0.514993 719
0 0 0.515487 723
0 0 0.517046 111
0 0 0.520705 306
0 0 0.522115 358
0 0 0.527264 585
0 0 0.52971 780
0 0 0.530403 861
0 0 0.531422 465
0 0 0.53249 288
0 0 0.532968 135
0 0 0.533136 907
0 0 0.533826 348
0 0 0.535082 964
0 0 0.53557 715
0 0 0.53592 962
0 0 0.536248 451
0 0 0.536589 364
0 0 0.539787 687
0 0 0.539983 638
0 0 0.540258 806
0 0 0.540612 675
0 0 0.541256 818
0 0 0.542085 749
0 0 0.544784 698
0 0 0.546328 370
0 0 0.548047 824
0 0 0.548712 877
0 0 0.551113 153
0 0 0.551349 795
0 0 0.553896 941
0 0 0.55507 741
0 0 0.556021 147
0 0 0.556497 415
0 0 0.56133 865
0 0 0.561851 543
0 0 0.562713 575
0 0 0.563433 440
0 0 0.563449 103
0 0 0.56549 759
0 0 0.565955 884
0 0 0.567032 647
0 0 0.567547 554
0 0 0.56951 569
0 0 0.569955 619
0 0 0.57071 692
0 0 0.574969 33
0 0 0.575201 477
0 0 0.575875 239
0 0 0.575891 748
0 0 0.577603 309
0 0 0.578023 936
0 0 0.578119 80
0 0 0.578617 383
0 0 0.579106 786
0 0 0.579321 213
0 0 0.579926 74
0 0 0.580991 837
0 0 0.582131 40
0 0 0.583005 799
0 0 0.584203 881
0 0 0.584443 279
0 0 0.584546 743
0 0 0.585153 583
0 0 0.586195 295
0 0 0.587528 833
0 0 0.587684 910
0 0 0.588135 960
0 0 0.588191 577
0 0 0.588963 394
0 0 0.591502 854
0 0 0.591801 179
0 0 0.591978 660
0 0 0.592371 929
0 0 0.593676 695
0 0 0.593939 393
0 0 0.595514 435
0 0 0.595576 425
0 0 0.596181 752
0 0 0.596292 975
0 0 0.596349 686
0 0 0.597131 504
0 0 0.59878 913
0 0 0.599262 327
0 0 0.599429 245
0 0 0.599686 711
0 0 0.602514 933
0 0 0.603478 297
0 0 0.604448 762
0 0 0.604768 549
0 0 0.605154 918
0 0 0.605209 503
0 0 0.605907 37
0 0 0.606251 584
0 0 0.607139 635
0 0 0.607531 649
0 0 0.608608 487
0 0 0.609484 674
0 0 0.610231 439
0 0 0.610858 511
0 0 0.611473 555
0 0 0.612778 842
0 0 0.612915 475
0 0 0.612978 998
0 0 0.613763 357
0 0 0.615173 794
0 0 0.61555 610
0 0 0.616235 524
0 0 0.618196 500
0 0 0.621643 949
0 0 0.621698 410
0 0 0.624253 381
0 0 0.62441 710
0 0 0.625539 526
0 0 0.625617 622
0 0 0.62609 721
0 0 0.626214 312
0 0 0.629582 363
0 0 0.630492 657
0 0 0.631031 744
0 0 0.631918 269
0 0 0.632 580
0 0 0.635827 351
0 0 0.637004 293
0 0 0.637183 764
0 0 0.637355 255
0 0 0.637629 501
0 0 0.639352 756
0 0 0.641349 820
0 0 0.642936 731
0 0 0.645483 275
0 0 0.647013 683
0 0 0.647488 96
0 0 0.651258 893
0 0 0.651743 590
0 0 0.652646 389
0 0 0.653506 595
0 0 0.654819 450
0 0 0.656389 789
0 0 0.6574 726
0 0 0.658271 242
0 0 0.658676 131
0 0 0.659148 791
0 0 0.65918 192
0 0 0.659513 238
0 0 0.659987 914
0 0 0.660197 556
0 0 0.662443 390
0 0 0.663912 579
0 0 0.667584 781
0 0 0.671656 636
0 0 0.673092 958
0 0 0.673764 904
0 0 0.675151 790
0 0 0.677006 170
0 0 0.677552 360
0 0 0.679326 558
0 0 0.679388 740
0 0 0.680277 444
0 0 0.680964 807
0 0 0.681574 258
0 0 0.686399 497
0 0 0.686514 821
0 0 0.687155 183
0 0 0.690782 843
0 0 0.69198 765
0 0 0.692287 373
0 0 0.692468 485
0 0 0.693927 235
0 0 0.694007 682
0 0 0.694191 512
0 0 0.698159 101
0 0 0.698284 527
0 0 0.698511 607
0 0 0.701176 685
0 0 0.701834 770
0 0 0.702251 316
0 0 0.702372 784
0 0 0.703087 374
0 0 0.704518 676
0 0 0.705545 433
0 0 0.705751 578
0 0 0.706647 830
0 0 0.706687 552
0 0 0.706893 169
0 0 0.70714 681
0 0 0.708829 895
0 0 0.710259 494
0 0 0.712173 466
0 0 0.712987 571
0 0 0.716411 165
0 0 0.71781 486
0 0 0.717893 598
0 0 0.721425 483
0 0 0.721737 812
0 0 0.724608 572
0 0 0.724906 712
0 0 0.727568 734
0 0 0.728147 891
0 0 0.729822 276
0 0 0.731072 955
0 0 0.731232 747
0 0 0.7315 900
0 0 0.731786 125
0 0 0.732493 903
0 0 0.732591 463
0 0 0.734583 533
0 0 0.734834 705
0 0 0.736443 851
0 0 0.736573 937
0 0 0.737292 548
0 0 0.737395 992
0 0 0.738292 919
0 0 0.738435 534
0 0 0.740026 737
0 0 0.740281 553
0 0 0.741033 273
0 0 0.744375 640
0 0 0.74567 321
0 0 0.745846 850
0 0 0.747664 923
0 0 0.747919 402
0 0 0.74887 725
0 0 0.748929 639
0 0 0.749269 233
0 0 0.750076 129
0 0 0.753439 324
0 0 0.753639 458
0 0 0.756847 642
0 0 0.758813 128
0 0 0.759592 424
0 0 0.763043 284
0 0 0.764359 609
0 0 0.765975 436
0 0 0.766333 117
0 0 0.768383 875
0 0 0.768635 716
0 0 0.770354 793
0 0 0.771587 311
0 0 0.771925 122
0 0 0.773075 201
0 0 0.773567 310
0 0 0.774234 84
0 0 0.77424 380
0 0 0.77437 800
0 0 0.774395 616
0 0 0.775027 745
0 0 0.775135 308
0 0 0.781248 27
0 0 0.784242 207
0 0 0.786561 369
0 0 0.787804 751
0 0 0.78858 702
0 0 0.78936 966
0 0 0.790984 430
0 0 0.79172 71
0 0 0.792604 605
0 0 0.793352 828
0 0 0.793896 672
0 0 0.796184 920
0 0 0.796813 343
0 0 0.796976 898
0 0 0.797372 407
0 0 0.798069 197
0 0 0.798319 287
0 0 0.801489 437
0 0 0.806982 83
0 0 0.807631 996
0 0 0.81297 679
0 0 0.813017 707
0 0 0.813577 856
0 0 0.814057 632
0 0 0.817206 969
0 0 0.817403 815
0 0 0.817754 853
0 0 0.818901 915
0 0 0.81902 155
0 0 0.821312 869
0 0 0.821586 965
0 0 0.821914 339
0 0 0.822027 506
0 0 0.823021 193
0 0 0.823594 536
0 0 0.823817 944
0 0 0.824283 728
0 0 0.824504 738
0 0 0.825768 993
0 0 0.828084 212
0 0 0.828968 709
0 0 0.829179 779
0 0 0.830228 574
0 0 0.833265 502
0 0 0.83659 813
0 0 0.836782 867
0 0 0.840629 874
0 0 0.842027 429
0 0 0.842409 942
0 0 0.843212 761
0 0 0.848194 423
0 0 0.850713 319
0 0 0.850847 859
0 0 0.853151 190
0 0 0.862751 105
0 0 0.863373 246
0 0 0.863424 651
0 0 0.86545 24
0 0 0.866883 701
0 0 0.86934 568
0 0 0.869937 582
0 0 0.870165 689
0 0 0.870708 305
0 0 0.872018 787
0 0 0.877194 597
0 0 0.880567 291
0 0 0.88259 280
0 0 0.882699 614
0 0 0.885218 835
0 0 0.887735 384
0 0 0.888074 995
0 0 0.890578 426
0 0 0.890644 455
0 0 0.895347 892
0 0 0.895848 484
0 0 0.896982 809
0 0 0.89846 377
0 0 0.900729 846
0 0 0.902044 514
0 0 0.902849 849
0 0 0.903039 656
1 0.826546 0.903966 131-713
0 0 0.90429 589
0 0 0.904621 841
0 0 0.907422 977
0 0 0.907742 266
0 0 0.908373 777
0 0 0.910584 126
0 0 0.911385 268
0 0 0.913338 124
0 0 0.916759 405
0 0 0.91703 561
0 0 0.918352 667
0 0 0.919106 328
0 0 0.923057 259
0 0 0.924159 464
0 0 0.924358 127
0 0 0.925168 654
0 0 0.925244 499
0 0 0.926369 631
0 0 0.928026 396
0 0 0.930272 912
0 0 0.93029 428
0 0 0.931056 772
0 0 0.931749 970
0 0 0.932022 368
0 0 0.932371 240
0 0 0.932389 897
0 0 0.93269 113
0 0 0.936881 191
0 0 0.937296 876
0 0 0.938329 986
0 0 0.938468 151
0 0 0.940637 758
0 0 0.941145 467
0 0 0.942712 570
0 0 0.944856 541
0 0 0.944873 968
0 0 0.945931 45
0 0 0.946851 729
0 0 0.947071 917
0 0 0.947829 366
0 0 0.948596 270
0 0 0.94866 926
0 0 0.949698 814
0 0 0.949742 742
0 0 0.950011 353
0 0 0.951222 948
0 0 0.951985 252
0 0 0.952354 202
0 0 0.952843 221
0 0 0.958358 755
0 0 0.958481 152
0 0 0.959746 592
0 0 0.964445 326
0 0 0.96462 21
0 0 0.96579 132
0 0 0.970269 976
0 0 0.970296 540
0 0 0.972504 952
0 0 0.972629 921
0 0 0.973892 868
0 0 0.975215 928
0 0 0.975344 629
0 0 0.976389 300
0 0 0.979807 979
0 0 0.980761 858
0 0 0.981066 388
0 0 0.98267 911
0 0 0.982941 198
0 0 0.983774 665
0 0 0.984505 171
0 0 0.984703 55
0 0 0.985042 313
0 0 0.985331 999
0 0 0.986447 337
0 0 0.988631 99
0 0 0.990329 924
0 0 0.9914 195
0 0 0.992035 896
0 0 0.992946 379
0 0 0.993046 406
0 0 0.993799 362
0 0 0.994873 330
0 0 0.995337 866
0 0 0.995965 391
0 0 0.996946 282
0 0 0.997697 216
0 0 0.998225 528
0 0 0.99829 954
0 0 0.999118 160
0 0 0.999947 281
0 0 1.002 154
0 0 1.00219 490
0 0 1.00259 181
0 0 1.00427 413
0 0 1.00607 77
0 0 1.00673 697
0 0 1.00803 283
0 0 1.00848 340
0 0 1.00885 460
0 0 1.00997 688
0 0 1.01078 223
0 0 1.0111 453
0 0 1.01631 116
0 0 1.01922 11
0 0 1.01965 318
0 0 1.02018 825
0 0 1.02069 403
0 0 1.0218 412
0 0 1.02196 760
0 0 1.02491 606
0 0 1.02507 241
0 0 1.02507 290
0 0 1.02563 118
0 0 1.02594 757
0 0 1.02693 736
0 0 1.02817 586
0 0 1.02823 690
0 0 1.03017 392
0 0 1.03253 602
0 0 1.03296 378
0 0 1.03329 517
0 0 1.03516 539
0 0 1.04012 599
0 0 1.04062 196
0 0 1.04199 576
0 0 1.04259 94
0 0 1.04365 180
0 0 1.04524 401
1 0.98877 1.0455 193-842
0 0 1.04592 805
0 0 1.04833 88
0 0 1.04925 680
0 0 1.0505 720
0 0 1.05141 666
0 0 1.05752 691
0 0 1.05863 298
0 0 1.06017 90
0 0 1.06038 222
0 0 1.06044 199
0 0 1.06045 72
0 0 1.06181 294
0 0 1.06361 345
0 0 1.06554 871
0 0 1.06662 925
0 0 1.06778 796
0 0 1.06865 493
0 0 1.07014 355
0 0 1.073 908
0 0 1.073 421
0 0 1.07346 817
0 0 1.07348 73
0 0 1.07403 67
0 0 1.07408 442
0 0 1.07508 338
0 0 1.07523 188
0 0 1.07674 663
0 0 1.07822 205
0 0 1.07908 114
0 0 1.07966 985
0 0 1.08 20
0 0 1.08044 658
0 0 1.08124 889
0 0 1.08182 523
0 0 1.08365 75
0 0 1.08477 600
0 0 1.0851 48
0 0 1.08537 299
0 0 1.08587 971
0 0 1.08788 468
0 0 1.08839 367
0 0 1.08975 304
0 0 1.09363 8
0 0 1.09477 344
0 0 1.09561 522
0 0 1.09669 142
0 0 1.0981 78
0 0 1.0983 400
0 0 1.09946 176
0 0 1.10119 449
0 0 1.10371 341
0 0 1.10393 518
0 0 1.10668 448
0 0 1.10927 106
0 0 1.10945 478
0 0 1.11106 714
0 0 1.11152 538
0 0 1.1132 333
0 0 1.11393 984
0 0 1.11561 140
0 0 1.11584 138
0 0 1.1165 162
0 0 1.11672 253
0 0 1.11862 792
0 0 1.12573 85
0 0 1.13134 247
0 0 1.13154 591
0 0 1.1329 372
0 0 1.13361 31
0 0 1.13444 136
0 0 1.13657 261
0 0 1.13888 49
0 0 1.14518 28
0 0 1.14564 520
0 0 1.14697 652
0 0 1.14785 243
0 0 1.14901 79
0 0 1.14915 18
0 0 1.15043 15
0 0 1.15107 419
0 0 1.15308 210
0 0 1.15541 432
0 0 1.1575 776
0 0 1.15851 831
0 0 1.15911 981
0 0 1.15936 1
0 0 1.1621 332
0 0 1.16485 488
0 0 1.17137 350
0 0 1.17407 130
1 1.0802 1.17513 154-353
0 0 1.17552 39
0 0 1.17577 481
1 1.10366 1.17707 1-880
0 0 1.17728 47
0 0 1.17748 783
0 0 1.17766 832
0 0 1.18197 778
0 0 1.1866 206
0 0 1.18702 143
1 1.02768 1.18704 689-884
0 0 1.18778 509
0 0 1.1894 471
0 0 1.19324 59
0 0 1.19623 185
0 0 1.198 102
0 0 1.20023 670
0 0 1.20206 63
0 0 1.20297 438
0 0 1.20341 722
0 0 1.20776 491
0 0 1.21041 811
0 0 1.21149 671
0 0 1.21404 673
0 0 1.21517 489
0 0 1.21728 946
0 0 1.21778 498
0 0 1.21848 76
0 0 1.22034 801
0 0 1.22235 662
0 0 1.22329 16
0 0 1.2233 6
0 0 1.22366 100
0 0 1.22502 251
0 0 1.22568 139
0 0 1.22579 224
0 0 1.22648 248
0 0 1.22651 32
0 0 1.22658 905
0 0 1.2297 359
0 0 1.22992 5
0 0 1.23004 46
0 0 1.2303 54
0 0 1.23196 97
0 0 1.2326 420
0 0 1.23266 81
0 0 1.23629 885
0 0 1.2372 161
0 0 1.23814 44
0 0 1.23827 215
0 0 1.24008 446
0 0 1.24173 60
0 0 1.24595 810
0 0 1.24831 507
0 0 1.24856 57
0 0 1.25032 56
0 0 1.25127 951
0 0 1.25337 257
0 0 1.2538 447
1 0.934839 1.25435 751-879
0 0 1.25564 480
0 0 1.25879 227
0 0 1.25908 621
0 0 1.25955 53
0 0 1.2607 416
0 0 1.2615 887
0 0 1.26506 823
1 1.18563 1.26763 373-782
0 0 1.26878 567
0 0 1.2689 959
0 0 1.27448 289
1 1.07773 1.27989 814-917
0 0 1.28426 203
0 0 1.28497 137
0 0 1.29258 200
0 0 1.29465 209
0 0 1.29839 301
0 0 1.29945 285
0 0 1.29973 178
0 0 1.29978 922
0 0 1.30152 211
0 0 1.30158 68
0 0 1.30269 109
0 0 1.30411 551
0 0 1.30722 331
0 0 1.30798 505
1 1.08739 1.30873 682-919
0 0 1.30939 352
0 0 1.31077 382
0 0 1.31079 234
0 0 1.31181 431
0 0 1.31319 909
0 0 1.31516 237
0 0 1.31549 398
0 0 1.3199 873
0 0 1.31996 611
1 1.13382 1.32487 368-459
0 0 1.32619 315
0 0 1.32923 699
0 0 1.33025 852
0 0 1.33146 174
0 0 1.33363 52
0 0 1.33397 510
0 0 1.33416 773
0 0 1.33455 104
0 0 1.33482 249
0 0 1.33577 149
0 0 1.33647 69
0 0 1.33699 706
0 0 1.3374 98
0 0 1.34071 112
1 1.27404 1.34161 151-665
0 0 1.34215 545
0 0 1.34553 41
0 0 1.34848 194
0 0 1.34881 625
0 0 1.34893 14
0 0 1.34905 537
0 0 1.3516 7
0 0 1.35271 115
0 0 1.35526 550
0 0 1.35551 2
0 0 1.35606 704
0 0 1.36389 637
0 0 1.36575 274
0 0 1.36747 110
0 0 1.36923 445
0 0 1.36958 848
0 0 1.3697 150
0 0 1.37155 230
0 0 1.3729 557
0 0 1.37298 513
0 0 1.37536 22
0 0 1.37544 220
0 0 1.37544 120
0 0 1.37867 346
0 0 1.38176 411
0 0 1.38522 43
0 0 1.38701 684
0 0 1.38865 208
0 0 1.39144 82
1 1.05447 1.39517 366-974
0 0 1.40481 980
0 0 1.40529 217
0 0 1.40722 325
0 0 1.41305 25
0 0 1.4169 121
0 0 1.41785 452
0 0 1.42121 292
0 0 1.42201 108
0 0 1.42377 934
0 0 1.42635 462
0 0 1.42721 231
0 0 1.43205 148
0 0 1.43235 544
0 0 1.43313 409
1 1.43443 8.5 737-761
0 0 1.43565 397
0 0 1.43619 476
0 0 1.43745 91
0 0 1.43876 156
0 0 1.44689 42
0 0 1.45398 146
1 1.38052 1.45671 258-884
0 0 1.45673 36
0 0 1.45687 427
0 0 1.45733 525
0 0 1.45867 626
1 1.41191 1.46709 353-739
0 0 1.46935 93
1 1.33023 1.46936 655-739
1 1.28096 1.47128 78-83
0 0 1.47808 173
0 0 1.47984 4
0 0 1.48361 798
0 0 1.48553 479
0 0 1.48646 953
1 1.33081 1.48664 831-952
0 0 1.48745 277
0 0 1.48912 133
1 1.20979 1.49364 574-630
0 0 1.49444 945
0 0 1.49757 172
0 0 1.50091 601
0 0 1.50255 30
0 0 1.50394 10
0 0 1.50394 35
1 1.42279 1.50542 740-808
0 0 1.51365 87
0 0 1.52065 957
0 0 1.52195 38
0 0 1.52333 314
0 0 1.52538 95
0 0 1.52707 322
0 0 1.53163 443
0 0 1.532 17
0 0 1.533 472
1 1.4077 1.53521 238-735
0 0 1.53689 23
0 0 1.53765 225
0 0 1.53853 604
0 0 1.53918 64
0 0 1.53947 302
0 0 1.54178 141
0 0 1.54955 532
0 0 1.55247 264
0 0 1.56198 329
0 0 1.57385 775
0 0 1.57756 166
0 0 1.57802 219
0 0 1.58051 262
1 1.35712 1.58134 666-754
1 1.39853 1.58357 83-624
0 0 1.58792 456
0 0 1.58805 13
1 1.27358 1.59517 63-838
1 1.27296 1.59996 151-807
1 1.40818 1.60559 475-631
0 0 1.60641 145
0 0 1.60932 263
0 0 1.61183 9
1 1.54764 1.61273 124-243
0 0 1.61527 66
1 1.42623 1.61954 327-728
0 0 1.61962 182
0 0 1.6198 228
1 1.35669 1.62034 273-714
1 1.37658 1.62314 689-741
0 0 1.62468 250
0 0 1.62616 119
0 0 1.63091 434
1 1.63168 8.5 219-562
1 1.31266 1.63182 88-865
0 0 1.63185 187
1 1.3122 1.63336 86-480
1 1.2982 1.63408 57-584
1 1.56729 1.63641 30-227
0 0 1.63771 189
0 0 1.63878 92
0 0 1.64328 65
0 0 1.64345 515
0 0 1.64777 890
0 0 1.65007 271
0 0 1.65968 19
0 0 1.67594 134
0 0 1.69143 157
0 0 1.694 86
1 1.61812 1.69999 365-855
1 1.57855 1.70388 500-745
1 1.64014 1.71114 502-709
1 1.10986 1.71821 495-686
0 0 1.72291 168
0 0 1.72624 991
0 0 1.73056 167
0 0 1.73161 159
0 0 1.73253 62
0 0 1.73682 164
0 0 1.74691 50
1 1.41314 1.74713 126-607
0 0 1.7494 214
1 1.38128 1.75554 54-887
1 1.68094 1.7561 675-750
0 0 1.75773 184
1 1.57938 1.77121 332-917
1 1.24051 1.77712 355-912
0 0 1.77793 404
0 0 1.77836 862
1 1.52595 1.77988 399-656
0 0 1.79433 323
1 1.74564 1.80155 640-778
0 0 1.80419 12
0 0 1.8047 546
0 0 1.81059 218
0 0 1.81074 236
1 1.39003 1.8144 276-959
0 0 1.82241 163
0 0 1.82276 26
1 1.56724 1.82807 79-604
1 1.60965 1.82972 332-428
1 1.6958 1.83651 517-975
0 0 1.84402 34
0 0 1.84852 107
1 1.66116 1.85803 127-391
0 0 1.86907 529
0 0 1.87716 593
1 1.54633 1.88706 355-959
1 1.70883 1.88961 187-401
0 0 1.89385 296
1 1.74257 1.90195 185-340
1 1.26787 1.90308 420-731
1 1.23745 1.90479 536-925
0 0 1.91106 29
0 0 1.9157 229
1 1.46663 1.91801 210-333
1 1.63717 1.91906 428-614
0 0 1.92158 186
0 0 1.92482 303
1 1.84415 1.93231 358-420
1 1.24163 1.94068 412-686
1 1.4112 1.94437 116-577
0 0 1.94491 3
0 0 1.9601 58
1 1.85806 1.96296 165-953
1 1.74411 1.97409 199-249
1 1.37672 1.97504 294-638
0 0 1.97808 144
0 0 1.98791 256
1 1.21876 1.99437 20-687
1 1.57342 1.99984 442-653
1 1.54258 2.00222 621-773
1 1.78002 2.01296 283-644
1 1.7003 2.02941 149-925
1 1.32004 2.03065 832-873
1 1.71231 2.04461 603-817
1 1.67718 2.0462 94-440
1 1.99388 2.0699 201-734
0 0 2.07836 840
1 1.51492 2.1181 599-777
1 1.30753 2.12192 126-740
0 0 2.12307 317
1 1.77373 2.12421 431-936
1 1.98118 2.12748 549-626
1 1.943 2.15327 658-871
1 1.62621 2.15447 67-238
1 1.58974 2.16104 161-625
1 1.79287 2.16162 109-221
1 2.10747 2.17461 4-214
1 2.06534 2.17887 87-104
1 1.7787 2.18305 28-98
0 0 2.21451 61
1 1.88201 2.21894 134-812
1 1.68352 2.22563 191-635
1 2.00533 2.23451 314-316
1 1.32395 2.24187 841-936
1 1.56424 2.24591 45-877
1 1.51367 2.26434 555-794
1 2.22544 2.27564 432-893
1 1.50309 2.28814 473-702
0 0 2.28926 845
1 2.05452 2.29274 525-736
1 1.73074 2.30918 346-946
1 1.86206 2.31356 348-611
1 2.15143 2.31374 50-184
1 2.22462 2.32207 143-789
1 1.82138 2.33032 422-892
1 2.21561 2.33343 593-809
1 1.95096 2.35322 138-322
1 1.67611 2.36104 187-244
1 2.31371 2.36747 741-970
1 1.68901 2.37168 211-943
1 1.9648 2.39202 436-663
1 2.15718 2.39702 253-405
1 1.61012 2.40153 555-720
1 1.92937 2.43444 159-722
1 1.66111 2.43672 753-822
1 2.22677 2.43755 231-682
1 2.27619 2.43949 189-969
1 1.58907 2.44578 626-953
1 1.5132 2.46065 568-600
1 2.28227 2.47527 915-922
1 1.68937 2.49063 30-960
1 1.79296 2.51436 202-310
1 2.46604 2.51719 58-350
1 1.51705 2.51981 934-978
1 2.21392 2.52513 524-805
1 1.7201 2.52667 392-671
1 2.07428 2.52782 743-778
1 1.73021 2.53051 13-923
1 2.3359 2.53796 80-664
1 1.92472 2.5421 237-743
1 2.33863 2.54569 251-557
1 2.1715 2.54874 261-482
1 1.99103 2.55657 95-753
1 2.44011 2.56322 35-245
1 1.74735 2.58754 413-933
1 2.36414 2.60513 272-759
1 2.20996 2.60982 557-601
1 1.55503 2.61217 38-352
1 1.65894 2.61218 652-850
1 2.4766 2.61577 270-950
1 1.76008 2.62212 299-491
1 2.26326 2.62277 452-831
1 2.39723 2.6459 164-524
1 1.78757 2.65081 220-775
1 2.40001 2.66671 76-229
1 2.52585 2.671 262-434
1 2.46057 2.67185 302-779
1 2.41254 2.68141 632-921
1 2.17709 2.71383 190-861
1 2.50403 2.72649 280-462
1 2.0318 2.72996 462-585
1 1.99085 2.73099 4-843
1 1.4778 2.74225 260-710
1 2.62839 2.76449 513-957
1 1.9171 2.77392 164-864
1 2.04889 2.79187 248-385
1 2.63879 2.822 468-629
1 2.51947 2.82532 307-945
1 2.63673 2.82569 61-488
1 2.58825 2.83194 211-217
1 2.01718 2.83527 90-447
1 1.53978 2.83763 130-414
1 2.69118 2.83826 236-954
1 2.45836 2.84781 187-839
1 1.82784 2.85913 96-289
1 1.94326 2.8611 274-405
1 2.20267 2.86886 225-848
1 2.44933 2.89221 290-916
1 2.05845 2.9172 200-296
1 2.30574 2.93848 115-934
1 1.94706 2.94414 7-398
1 2.43746 2.94939 87-998
1 2.78613 2.95065 352-706
1 1.94137 2.95554 397-798
1 2.03481 2.95939 313-416
1 1.60372 2.96652 359-837
1 2.3315 2.96843 145-228
1 1.98612 2.98174 58-715
1 2.81717 2.98638 101-904
1 1.82575 2.98765 184-980
1 2.2136 2.99148 290-340
1 2.87127 3.00976 323-845
1 2.02964 3.03566 646-796
1 2.51292 3.04087 451-547
1 2.6318 3.05601 298-836
1 2.64433 3.07133 191-935
1 2.21643 3.08427 214-945
1 2.57434 3.09515 217-529
1 1.69346 3.09711 282-933
1 2.89559 3.0992 218-965
1 2.89322 3.10817 218-681
1 2.68431 3.14146 313-529
1 2.04621 3.17206 611-634
1 2.49769 3.18879 337-550
1 3.02588 3.19633 601-766
1 2.15874 3.20246 129-926
1 2.57157 3.21015 434-550
1 2.76451 3.22233 285-991
1 1.57618 3.23021 288-391
1 2.43162 3.23289 159-320
1 1.4161 3.2379 441-445
1 1.64319 3.25215 671-986
1 1.96781 3.25597 466-980
1 2.82957 3.26043 317-699
1 2.38741 3.27431 156-456
1 2.13361 3.2927 472-497
1 1.94368 3.31686 287-981
1 2.36882 3.38019 301-683
1 1.83228 3.39695 262-801
1 1.77291 3.42346 203-985
1 2.75413 3.4445 862-991
1 2.04414 3.44718 161-902
1 1.69001 3.47934 170-194
1 1.86218 3.4905 701-833
1 2.1974 3.51812 357-840
1 3.37124 3.52092 382-885
1 2.64299 3.54594 387-954
1 2.27383 3.59585 504-991
1 2.13622 3.62936 206-452
1 1.75905 3.63849 676-981
1 3.10951 3.84034 125-840
1 2.20627 3.86416 12-747
1 1.77048 3.87273 133-304
1 2.51953 3.89628 233-781
1 2.12056 3.94236 265-765
1 3.4467 3.95112 10-229
1 1.8102 4.0151 168-608
1 3.16704 4.05472 256-336
1 2.1466 4.08225 243-593
2 3.97997 4.09364 162-747-865
1 2.42433 4.16559 505-944
1 2.05077 4.17059 394-716
1 3.48934 4.25626 769-845
1 2.48373 4.40769 457-699
1 2.01926 4.61338 163-706
1 3.71218 4.64432 326-984
1 1.68965 4.85637 92-450
2 5.33377 8.5 393-756-862
