0 0 8.5 0
0 0 0.113339 358
0 0 0.159572 96
0 0 0.201797 700
0 0 0.208149 928
0 0 0.219858 542
0 0 0.223361 583
0 0 0.224557 721
0 0 0.228336 408
0 0 0.248506 807
0 0 0.249279 715
0 0 0.251137 727
0 0 0.252205 808
0 0 0.253958 973
0 0 0.258017 204
0 0 0.258479 795
0 0 0.261668 940
0 0 0.270329 433
0 0 0.273365 961
0 0 0.275213 897
0 0 0.284811 769
0 0 0.288154 347
0 0 0.289979 562
0 0 0.292299 838
0 0 0.293184 771
0 0 0.29766 280
0 0 0.299628 879
0 0 0.301056 983
0 0 0.30317 972
0 0 0.307148 826
0 0 0.310905 872
0 0 0.32047 649
0 0 0.323904 886
0 0 0.324688 888
0 0 0.327169 639
0 0 0.327881 564
0 0 0.328963 354
0 0 0.329761 989
0 0 0.333564 740
0 0 0.334881 361
0 0 0.334889 123
0 0 0.336243 884
0 0 0.33949 939
0 0 0.340796 624
0 0 0.342331 964
0 0 0.350664 239
0 0 0.351684 470
0 0 0.354408 376
0 0 0.354412 882
0 0 0.355183 492
0 0 0.355755 613
0 0 0.358999 913
0 0 0.363855 963
0 0 0.367716 311
0 0 0.370619 827
0 0 0.372077 722
0 0 0.373137 306
0 0 0.380394 169
0 0 0.38157 782
0 0 0.383634 504
0 0 0.385595 394
0 0 0.389699 855
0 0 0.390576 677
0 0 0.392362 89
0 0 0.395766 316
0 0 0.398796 295
0 0 0.399459 924
0 0 0.401554 864
0 0 0.408483 117
0 0 0.40964 933
0 0 0.411433 718
0 0 0.411983 819
0 0 0.412611 627
0 0 0.413831 907
0 0 0.414222 417
0 0 0.414347 267
0 0 0.416735 788
0 0 0.416924 465
0 0 0.417153 906
0 0 0.417348 526
0 0 0.418388 696
0 0 0.418637 936
0 0 0.419147 617
0 0 0.419987 395
0 0 0.426288 847
0 0 0.427576 531
0 0 0.427793 744
0 0 0.429177 836
0 0 0.429378 91
0 0 0.4314 680
0 0 0.432048 215
0 0 0.432291 893
0 0 0.433871 849
0 0 0.436275 726
0 0 0.443396 693
0 0 0.446605 834
0 0 0.446948 153
0 0 0.448197 865
0 0 0.455003 987
0 0 0.456269 587
0 0 0.456786 147
0 0 0.462519 988
0 0 0.464767 971
0 0 0.465872 899
0 0 0.476469 728
0 0 0.477207 279
0 0 0.477988 816
0 0 0.487079 503
0 0 0.4889 803
0 0 0.49699 570
0 0 0.497097 868
0 0 0.498007 482
0 0 0.499943 158
0 0 0.501167 534
0 0 0.502052 321
0 0 0.502479 931
0 0 0.502915 671
0 0 0.504205 943
0 0 0.505901 365
0 0 0.506172 724
0 0 0.50634 208
0 0 0.508995 540
0 0 0.510935 825
0 0 0.512533 861
0 0 0.51291 349
0 0 0.513472 998
0 0 0.514162 686
0 0 0.516845 781
0 0 0.517501 122
0 0 0.522607 997
0 0 0.522614 353
0 0 0.52299 598
0 0 0.523794 226
0 0 0.523796 867
0 0 0.527792 688
0 0 0.528471 105
0 0 0.52856 791
0 0 0.528781 960
0 0 0.531473 183
0 0 0.532779 269
0 0 0.533623 370
0 0 0.533803 705
0 0 0.533905 737
0 0 0.534818 762
0 0 0.538112 655
0 0 0.543615 278
0 0 0.546569 950
0 0 0.547345 821
0 0 0.547622 732
0 0 0.551003 40
0 0 0.551093 650
0 0 0.553279 977
0 0 0.555672 967
0 0 0.558485 694
0 0 0.558488 741
0 0 0.558697 955
0 0 0.559671 929
0 0 0.560152 634
0 0 0.560535 461
0 0 0.560589 883
0 0 0.562893 730
0 0 0.566365 881
0 0 0.566573 659
0 0 0.570962 713
0 0 0.572446 970
0 0 0.57424 535
0 0 0.575319 71
0 0 0.575433 512
0 0 0.575806 703
0 0 0.57634 630
0 0 0.577027 590
0 0 0.580916 309
0 0 0.581774 674
0 0 0.583359 475
0 0 0.584046 459
0 0 0.585498 749
0 0 0.58594 648
0 0 0.589636 559
0 0 0.590372 779
0 0 0.590452 789
0 0 0.590815 463
0 0 0.593211 385
0 0 0.59408 667
0 0 0.594946 606
0 0 0.595363 414
0 0 0.596511 916
0 0 0.596848 846
0 0 0.600242 682
0 0 0.603035 33
0 0 0.60511 982
0 0 0.605519 500
0 0 0.605605 307
0 0 0.605767 619
0 0 0.606666 588
0 0 0.610877 543
0 0 0.612321 638
0 0 0.612907 763
0 0 0.618084 804
0 0 0.618944 192
0 0 0.62244 563
0 0 0.624473 579
0 0 0.626328 918
0 0 0.626503 501
0 0 0.626794 618
0 0 0.626913 938
0 0 0.628191 554
0 0 0.629877 999
0 0 0.630927 387
0 0 0.632008 962
0 0 0.632403 111
0 0 0.632487 797
0 0 0.633478 490
0 0 0.636349 441
0 0 0.636695 288
0 0 0.63699 750
0 0 0.638386 833
0 0 0.639573 399
0 0 0.640822 904
0 0 0.641839 764
0 0 0.642802 396
0 0 0.643446 643
0 0 0.646058 919
0 0 0.650434 527
0 0 0.650493 232
0 0 0.652692 151
0 0 0.653695 620
0 0 0.653815 759
0 0 0.653927 709
0 0 0.654877 170
0 0 0.655103 941
0 0 0.655467 457
0 0 0.656929 242
0 0 0.660032 334
0 0 0.660209 486
0 0 0.662633 51
0 0 0.666441 844
0 0 0.668178 375
0 0 0.668377 609
0 0 0.670606 902
0 0 0.671991 850
0 0 0.672125 745
0 0 0.672371 574
0 0 0.67274 698
0 0 0.673746 966
0 0 0.675716 327
0 0 0.678256 577
0 0 0.685622 901
0 0 0.686239 937
0 0 0.686312 524
0 0 0.68655 935
0 0 0.68669 312
0 0 0.689163 428
0 0 0.690104 969
0 0 0.691608 508
0 0 0.69533 555
0 0 0.695538 739
0 0 0.697017 253
0 0 0.699093 731
0 0 0.699166 528
0 0 0.702051 495
0 0 0.702947 418
0 0 0.703649 708
0 0 0.704989 689
0 0 0.705412 453
0 0 0.706763 910
0 0 0.709315 320
0 0 0.71022 193
0 0 0.711783 357
0 0 0.712467 752
0 0 0.712567 857
0 0 0.715714 367
0 0 0.717551 866
0 0 0.719263 927
0 0 0.721581 293
0 0 0.721953 487
0 0 0.722742 911
0 0 0.723123 805
0 0 0.724823 350
0 0 0.725273 660
0 0 0.72802 246
0 0 0.728309 330
0 0 0.729364 78
0 0 0.731402 800
0 0 0.731944 856
0 0 0.73217 265
0 0 0.735167 160
0 0 0.736009 880
0 0 0.736228 342
0 0 0.738814 676
0 0 0.739394 793
0 0 0.739595 812
0 0 0.739738 956
0 0 0.740079 996
0 0 0.740709 454
0 0 0.74154 234
0 0 0.743174 310
0 0 0.743259 695
0 0 0.743506 863
0 0 0.744626 377
0 0 0.745715 661
0 0 0.746931 371
0 0 0.746989 458
0 0 0.747747 383
0 0 0.748894 596
0 0 0.749615 647
0 0 0.753646 575
0 0 0.753867 450
0 0 0.754611 499
0 0 0.75712 743
0 0 0.757527 435
0 0 0.757844 70
0 0 0.759697 975
0 0 0.760095 813
0 0 0.760574 297
0 0 0.761669 464
0 0 0.763001 930
0 0 0.763023 612
0 0 0.763152 407
0 0 0.766261 891
0 0 0.766875 656
0 0 0.76988 984
0 0 0.77179 628
0 0 0.77287 947
0 0 0.773432 67
0 0 0.773554 477
0 0 0.77563 723
0 0 0.778309 908
0 0 0.77845 356
0 0 0.778548 716
0 0 0.778796 932
0 0 0.779443 785
0 0 0.779705 413
0 0 0.780725 903
0 0 0.781964 511
0 0 0.782254 633
0 0 0.784229 772
0 0 0.78457 549
0 0 0.7851 829
0 0 0.785981 165
0 0 0.786272 516
0 0 0.787331 640
0 0 0.788469 558
0 0 0.788836 754
0 0 0.788961 622
0 0 0.78908 494
0 0 0.789127 469
0 0 0.790682 355
0 0 0.792095 770
0 0 0.792529 914
0 0 0.793081 364
0 0 0.794643 767
0 0 0.795098 444
0 0 0.796025 669
0 0 0.797615 992
0 0 0.797964 837
0 0 0.800685 841
0 0 0.80207 790
0 0 0.802184 591
0 0 0.80222 335
0 0 0.802607 244
0 0 0.802823 572
0 0 0.80416 510
0 0 0.805822 748
0 0 0.806185 895
0 0 0.807926 765
0 0 0.808505 900
0 0 0.814032 595
0 0 0.814831 275
0 0 0.818392 711
0 0 0.819588 536
0 0 0.819911 502
0 0 0.820593 920
0 0 0.820662 755
0 0 0.821885 363
0 0 0.823454 483
0 0 0.824935 380
1 0.70755 0.825879 5-51
0 0 0.826432 809
0 0 0.826553 124
0 0 0.827689 685
0 0 0.829002 681
0 0 0.829837 423
0 0 0.832496 860
0 0 0.834581 533
0 0 0.835999 949
0 0 0.836715 645
0 0 0.83759 381
0 0 0.838914 436
0 0 0.839184 760
0 0 0.841472 207
0 0 0.84187 978
0 0 0.843482 260
0 0 0.844804 990
0 0 0.845625 625
0 0 0.847409 191
0 0 0.847988 600
0 0 0.848166 683
0 0 0.848346 870
0 0 0.848625 416
0 0 0.850457 599
0 0 0.851659 254
0 0 0.852187 687
0 0 0.852844 308
0 0 0.853177 858
0 0 0.853428 615
0 0 0.853895 830
0 0 0.854093 519
0 0 0.854482 806
0 0 0.854807 733
0 0 0.856418 517
0 0 0.857702 103
0 0 0.858261 179
0 0 0.859835 405
0 0 0.860045 88
0 0 0.860839 333
0 0 0.864707 824
0 0 0.866957 734
0 0 0.868291 582
0 0 0.869574 386
0 0 0.869769 678
0 0 0.869931 589
0 0 0.871138 818
0 0 0.871279 565
0 0 0.871993 496
0 0 0.872704 751
0 0 0.873058 702
0 0 0.87403 786
0 0 0.8744 522
0 0 0.874985 664
0 0 0.875791 631
0 0 0.876933 258
0 0 0.878948 869
0 0 0.881024 784
0 0 0.882664 451
0 0 0.882743 143
0 0 0.882915 736
0 0 0.882928 675
0 0 0.883538 894
0 0 0.885198 573
0 0 0.885237 440
0 0 0.8865 314
0 0 0.886636 993
0 0 0.887867 758
0 0 0.888663 958
0 0 0.890294 560
0 0 0.890709 672
0 0 0.892034 725
0 0 0.894197 594
0 0 0.894687 566
0 0 0.895352 787
0 0 0.895946 286
0 0 0.896115 284
0 0 0.897493 959
0 0 0.897577 842
0 0 0.898971 828
0 0 0.900017 268
0 0 0.900088 348
0 0 0.901096 11
0 0 0.902017 768
0 0 0.904515 171
0 0 0.904609 195
0 0 0.913068 753
0 0 0.913851 340
0 0 0.914275 447
0 0 0.914365 37
0 0 0.914928 101
0 0 0.915637 586
0 0 0.918897 223
0 0 0.91896 466
0 0 0.921428 610
0 0 0.921731 272
0 0 0.921822 712
0 0 0.92284 368
0 0 0.92447 679
0 0 0.924764 548
0 0 0.927502 77
0 0 0.929762 448
0 0 0.92996 175
0 0 0.935023 637
0 0 0.935457 653
0 0 0.938149 389
0 0 0.940102 39
0 0 0.941511 429
0 0 0.941983 691
0 0 0.942677 707
0 0 0.943587 635
0 0 0.944694 780
0 0 0.94701 484
0 0 0.947663 240
0 0 0.947963 773
0 0 0.949366 135
0 0 0.951762 802
0 0 0.952314 291
0 0 0.952892 796
0 0 0.953235 820
0 0 0.953711 46
0 0 0.955577 701
0 0 0.958194 814
0 0 0.958979 556
0 0 0.960026 521
0 0 0.961301 995
0 0 0.961371 481
0 0 0.963135 729
0 0 0.963262 851
0 0 0.963544 281
0 0 0.963645 642
0 0 0.964364 136
0 0 0.965694 336
0 0 0.968052 668
0 0 0.968894 815
0 0 0.969861 553
0 0 0.971846 614
0 0 0.97186 832
0 0 0.972614 690
0 0 0.976361 238
0 0 0.976594 319
0 0 0.976748 585
0 0 0.976784 774
0 0 0.979796 83
0 0 0.980262 581
0 0 0.980303 994
0 0 0.980724 602
0 0 0.981205 473
0 0 0.981354 720
0 0 0.981948 235
0 0 0.983948 403
0 0 0.984746 626
0 0 0.986946 576
0 0 0.988304 114
0 0 0.988358 912
0 0 0.989368 185
0 0 0.990181 569
0 0 0.99077 426
0 0 0.991585 876
0 0 0.991799 245
0 0 0.995752 603
0 0 0.997925 810
0 0 1.00085 152
0 0 1.00314 437
0 0 1.0063 539
0 0 1.00788 666
0 0 1.01027 305
0 0 1.01035 735
0 0 1.01102 710
0 0 1.01162 974
0 0 1.01258 155
0 0 1.01304 80
0 0 1.01351 854
0 0 1.01383 704
0 0 1.01397 697
0 0 1.01561 374
0 0 1.01567 948
0 0 1.01666 332
0 0 1.01837 98
0 0 1.02133 422
0 0 1.02216 485
0 0 1.02815 468
0 0 1.03104 874
0 0 1.03595 738
0 0 1.0375 471
0 0 1.03997 24
0 0 1.04089 266
0 0 1.04237 221
0 0 1.04286 506
0 0 1.04335 584
0 0 1.0463 216
1 0.900548 1.04806 648-660
0 0 1.04944 43
0 0 1.05196 197
0 0 1.05295 373
0 0 1.0532 294
0 0 1.05331 154
0 0 1.05367 488
0 0 1.0555 629
0 0 1.0575 287
0 0 1.05804 439
0 0 1.05804 324
0 0 1.05902 113
0 0 1.05909 391
0 0 1.05942 478
0 0 1.05972 283
0 0 1.06112 126
0 0 1.06407 379
0 0 1.06745 530
0 0 1.06869 839
0 0 1.06881 794
0 0 1.06993 212
0 0 1.07019 757
0 0 1.07024 401
0 0 1.07053 84
1 0.989374 1.07224 106-340
0 0 1.07262 188
0 0 1.07302 276
0 0 1.074 467
0 0 1.07469 425
0 0 1.07535 233
0 0 1.0781 892
0 0 1.07863 304
0 0 1.08045 202
0 0 1.08126 942
0 0 1.08184 90
0 0 1.08511 369
0 0 1.08866 298
0 0 1.09186 130
0 0 1.09344 766
0 0 1.09648 337
0 0 1.09651 875
0 0 1.09702 608
0 0 1.10124 514
0 0 1.10364 719
0 0 1.10446 241
0 0 1.1046 446
0 0 1.10499 632
0 0 1.10527 580
0 0 1.10607 393
0 0 1.10657 568
0 0 1.10735 835
0 0 1.10784 578
0 0 1.10799 252
0 0 1.10952 605
0 0 1.11013 952
0 0 1.11115 480
0 0 1.11255 616
0 0 1.11293 273
0 0 1.11297 139
0 0 1.11403 623
0 0 1.11529 887
0 0 1.11532 42
0 0 1.1164 118
0 0 1.12037 138
0 0 1.12084 509
0 0 1.12263 109
0 0 1.12365 654
1 0.991868 1.1253 574-900
0 0 1.12738 131
0 0 1.12761 149
0 0 1.1301 985
0 0 1.13032 406
0 0 1.13135 180
0 0 1.13174 116
0 0 1.13494 537
0 0 1.13811 351
0 0 1.13878 36
0 0 1.1433 150
0 0 1.14433 430
0 0 1.14521 905
0 0 1.14583 889
0 0 1.14603 945
0 0 1.14629 398
0 0 1.14657 873
0 0 1.14775 402
0 0 1.14778 986
1 1.09231 1.14778 103-364
0 0 1.14807 285
0 0 1.15007 848
0 0 1.15052 792
0 0 1.15275 384
0 0 1.15421 871
0 0 1.15532 328
0 0 1.15727 817
0 0 1.15768 378
0 0 1.15823 362
0 0 1.159 262
0 0 1.16032 692
0 0 1.16071 965
0 0 1.16081 571
0 0 1.16247 561
0 0 1.1625 52
0 0 1.16359 878
0 0 1.16383 761
0 0 1.16412 63
0 0 1.16507 460
0 0 1.16535 99
0 0 1.16684 811
0 0 1.16802 636
0 0 1.16929 968
0 0 1.17054 746
0 0 1.17376 658
0 0 1.17467 360
0 0 1.17603 142
0 0 1.17724 424
0 0 1.17747 665
0 0 1.17764 259
0 0 1.17908 552
0 0 1.18079 339
0 0 1.18104 125
0 0 1.18113 206
0 0 1.18325 106
0 0 1.18489 74
0 0 1.18542 346
0 0 1.18642 979
0 0 1.18723 747
0 0 1.18918 92
0 0 1.19031 300
0 0 1.1907 73
1 1.13933 1.1926 305-459
1 1.11508 1.19352 276-539
0 0 1.19412 915
0 0 1.19484 18
0 0 1.19578 366
0 0 1.19583 823
0 0 1.19823 181
0 0 1.2006 909
0 0 1.20145 177
0 0 1.20334 474
0 0 1.20449 420
0 0 1.20511 567
0 0 1.20533 898
0 0 1.20734 28
0 0 1.20756 31
0 0 1.20864 137
0 0 1.20901 251
1 1.14008 1.20908 116-180
0 0 1.20998 162
0 0 1.21147 410
0 0 1.21171 641
0 0 1.21315 953
0 0 1.21341 198
0 0 1.2163 72
0 0 1.21752 54
0 0 1.21776 644
0 0 1.218 210
0 0 1.21964 597
0 0 1.21965 778
0 0 1.22039 372
0 0 1.22253 81
1 1.13912 1.22305 155-718
0 0 1.22491 777
0 0 1.2265 359
0 0 1.22907 799
0 0 1.22911 94
0 0 1.22914 255
0 0 1.22936 128
0 0 1.22969 976
0 0 1.23033 925
0 0 1.23094 822
0 0 1.23105 129
0 0 1.23618 717
0 0 1.23725 673
0 0 1.23922 27
0 0 1.23927 247
0 0 1.24286 859
0 0 1.2432 538
0 0 1.24438 954
0 0 1.24494 174
0 0 1.24646 604
0 0 1.24715 140
0 0 1.24746 146
0 0 1.24996 756
0 0 1.25329 176
0 0 1.25411 231
0 0 1.25461 455
0 0 1.25559 742
0 0 1.25805 885
0 0 1.25986 45
0 0 1.26047 523
0 0 1.26133 432
0 0 1.26428 196
0 0 1.26757 489
0 0 1.26784 442
0 0 1.2684 412
0 0 1.27098 520
0 0 1.27225 646
0 0 1.27391 112
0 0 1.27413 853
0 0 1.27645 547
0 0 1.27701 400
0 0 1.27755 980
0 0 1.28167 921
0 0 1.2818 338
0 0 1.28367 382
0 0 1.28711 102
0 0 1.28974 194
0 0 1.29056 213
0 0 1.29334 41
0 0 1.29404 47
0 0 1.29571 282
0 0 1.29653 82
0 0 1.29688 491
0 0 1.29735 541
0 0 1.29831 917
1 1.16947 1.29881 39-83
0 0 1.30013 190
0 0 1.30031 421
0 0 1.30448 301
0 0 1.30648 205
0 0 1.30754 263
0 0 1.30756 225
0 0 1.30772 419
0 0 1.30849 344
1 1.14317 1.30937 122-361
0 0 1.3139 944
0 0 1.324 49
1 1.08803 1.32466 678-992
0 0 1.32581 85
0 0 1.32629 438
0 0 1.3279 20
0 0 1.32796 8
0 0 1.32871 257
0 0 1.32893 290
0 0 1.32924 476
0 0 1.32997 2
0 0 1.33018 127
0 0 1.33093 60
0 0 1.33367 57
0 0 1.33572 64
0 0 1.3359 16
0 0 1.33861 5
0 0 1.33901 201
0 0 1.33934 97
0 0 1.33936 56
0 0 1.34234 843
0 0 1.34414 592
0 0 1.34721 390
0 0 1.34759 6
0 0 1.34771 957
0 0 1.34777 607
0 0 1.35409 21
0 0 1.35415 352
0 0 1.35738 663
0 0 1.3605 515
0 0 1.3606 801
0 0 1.36074 7
0 0 1.36075 120
0 0 1.36159 652
0 0 1.36194 199
0 0 1.36342 274
1 1.23251 1.36803 60-171
0 0 1.36829 178
0 0 1.36944 110
1 1.2228 1.37023 698-797
0 0 1.37469 53
0 0 1.37477 551
0 0 1.37513 493
0 0 1.37534 325
0 0 1.37574 651
0 0 1.38101 299
0 0 1.38288 896
0 0 1.38334 341
0 0 1.38555 507
0 0 1.38613 132
0 0 1.38839 271
0 0 1.38943 662
1 1.23588 1.39253 631-900
0 0 1.39408 22
0 0 1.3961 326
0 0 1.39778 79
0 0 1.39806 318
0 0 1.39991 783
0 0 1.39994 601
0 0 1.40492 449
0 0 1.40759 230
0 0 1.408 17
0 0 1.4082 776
0 0 1.40985 657
0 0 1.41044 497
0 0 1.4105 926
0 0 1.41294 224
0 0 1.41543 934
0 0 1.41546 68
0 0 1.41643 76
0 0 1.41675 289
0 0 1.41832 303
0 0 1.42099 699
0 0 1.42167 217
0 0 1.42308 498
0 0 1.43025 670
0 0 1.43066 23
1 1.24967 1.4353 536-956
0 0 1.43622 69
1 1.08543 1.43682 467-554
0 0 1.43736 203
0 0 1.43748 544
0 0 1.43802 1
0 0 1.44199 209
0 0 1.44216 4
0 0 1.44409 415
0 0 1.44459 48
0 0 1.44516 852
0 0 1.44637 148
0 0 1.44976 714
0 0 1.45064 95
0 0 1.45145 167
0 0 1.45767 166
0 0 1.465 219
0 0 1.46565 44
0 0 1.47226 115
0 0 1.4802 14
0 0 1.48195 343
0 0 1.48526 388
0 0 1.48797 877
0 0 1.48807 108
0 0 1.49199 518
1 1.49396 8.5 362-934
1 1.39162 1.49561 500-745
0 0 1.49601 25
0 0 1.49753 322
1 1.42306 1.49853 177-658
0 0 1.50013 411
0 0 1.50054 121
0 0 1.50232 75
0 0 1.50581 172
0 0 1.5074 141
0 0 1.50827 329
0 0 1.51007 237
0 0 1.51056 452
0 0 1.51375 30
0 0 1.52922 222
0 0 1.52976 981
0 0 1.53076 220
0 0 1.53311 87
0 0 1.53655 243
0 0 1.5367 445
0 0 1.53915 187
0 0 1.54017 798
0 0 1.54039 86
0 0 1.54143 302
1 1.2711 1.54158 598-766
0 0 1.54158 277
0 0 1.54428 427
0 0 1.54992 456
0 0 1.55066 621
0 0 1.55187 236
0 0 1.55581 163
1 1.47202 1.55747 753-932
0 0 1.55759 173
0 0 1.55954 104
0 0 1.5611 186
0 0 1.56223 107
0 0 1.57065 545
1 1.4476 1.5729 335-477
0 0 1.57807 261
0 0 1.58108 315
0 0 1.5827 15
0 0 1.58787 65
0 0 1.59029 264
1 1.39433 1.59454 210-856
0 0 1.59836 404
0 0 1.59865 145
0 0 1.60316 26
0 0 1.60927 156
0 0 1.61127 831
0 0 1.61257 248
0 0 1.61288 532
0 0 1.61415 12
0 0 1.61483 434
0 0 1.62086 292
0 0 1.62286 211
0 0 1.63204 922
0 0 1.63225 946
0 0 1.63312 159
0 0 1.63499 59
0 0 1.63512 313
0 0 1.63779 706
0 0 1.64263 38
1 1.53564 1.64501 54-665
0 0 1.64703 133
0 0 1.64908 923
0 0 1.64927 227
1 1.64957 8.5 30-227
1 1.48835 1.65376 23-859
0 0 1.65534 55
1 1.54991 1.66352 15-407
0 0 1.66745 392
0 0 1.67134 32
0 0 1.67598 479
0 0 1.6804 66
1 1.30312 1.68402 665-690
0 0 1.68405 168
0 0 1.68421 35
0 0 1.68526 13
1 1.45432 1.68982 502-709
0 0 1.6928 684
0 0 1.69305 182
0 0 1.69458 218
0 0 1.69523 100
1 1.30763 1.70079 820-887
0 0 1.70197 331
0 0 1.70962 775
0 0 1.70979 164
0 0 1.71064 472
1 1.49087 1.71387 440-600
0 0 1.71936 58
0 0 1.72027 161
0 0 1.7284 505
0 0 1.73179 29
0 0 1.73219 890
1 1.26586 1.73351 240-907
1 1.40951 1.7358 519-850
1 1.64708 1.74041 52-892
1 1.40243 1.75196 735-888
0 0 1.75674 34
0 0 1.75789 10
0 0 1.75824 513
1 1.66312 1.75984 194-923
0 0 1.76103 134
0 0 1.76389 409
0 0 1.76874 62
0 0 1.77569 144
0 0 1.77616 250
0 0 1.77686 228
1 1.42333 1.77989 751-764
1 1.59847 1.78101 370-538
0 0 1.78438 214
0 0 1.7852 557
0 0 1.78594 184
1 1.53131 1.78618 213-853
0 0 1.78659 345
0 0 1.78939 431
0 0 1.79359 270
1 1.42482 1.79375 102-129
1 1.61667 1.79426 343-547
1 1.5827 1.79584 232-644
0 0 1.79816 397
0 0 1.79873 951
0 0 1.802 189
0 0 1.81588 462
0 0 1.81594 296
1 1.40404 1.82264 279-644
0 0 1.82334 229
1 1.50846 1.8259 399-656
0 0 1.83336 19
0 0 1.83432 93
0 0 1.83734 3
1 1.39732 1.83818 610-942
1 1.68895 1.85231 517-708
1 1.40127 1.85437 24-979
1 1.62696 1.86113 689-741
1 1.39423 1.8639 666-754
1 1.60969 1.87015 773-967
0 0 1.87212 157
0 0 1.87265 9
0 0 1.87651 443
1 1.26051 1.88404 426-569
1 1.72047 1.88611 57-668
1 1.79022 1.88806 59-354
1 1.33097 1.88838 818-846
1 1.60132 1.89022 308-603
0 0 1.89254 546
0 0 1.89419 61
0 0 1.9043 611
1 1.64522 1.9066 925-992
1 1.66939 1.92175 201-439
0 0 1.93162 550
1 1.86226 1.93993 917-956
0 0 1.94317 50
1 1.59468 1.94566 602-898
1 1.89947 1.95124 12-747
0 0 1.95742 119
0 0 1.95883 249
1 1.84423 1.97567 327-425
1 1.33347 1.97698 500-777
0 0 1.98541 256
0 0 1.98576 593
0 0 1.99031 200
0 0 1.99279 862
1 1.64634 2.01128 737-761
1 1.39049 2.0155 116-335
1 1.68627 2.02893 243-622
1 1.69565 2.03843 67-238
1 1.53912 2.04984 33-956
1 2.00858 2.05906 126-740
1 1.54416 2.06221 770-876
0 0 2.06615 317
1 2.00496 2.06811 357-921
0 0 2.07493 525
1 1.54773 2.07593 787-964
1 1.67247 2.08319 190-441
0 0 2.08705 991
1 1.67226 2.09118 176-423
1 2.00595 2.0914 816-990
1 1.96318 2.10361 400-926
0 0 2.11097 840
1 1.4911 2.12078 412-495
0 0 2.12673 323
1 1.42322 2.13 841-936
1 1.98583 2.13506 74-289
1 1.77081 2.13957 138-322
1 1.99329 2.14834 187-244
0 0 2.15778 529
1 1.32704 2.18472 575-822
1 1.35707 2.19927 127-999
1 1.86795 2.20019 442-653
1 1.89151 2.2185 109-627
1 2.11913 2.23378 1-432
1 1.66223 2.25722 652-850
1 2.20055 2.29645 189-641
1 2.15159 2.30291 115-934
1 1.97668 2.30473 431-936
1 1.70444 2.30868 87-104
1 2.05262 2.31133 593-809
1 2.18864 2.31795 522-860
1 1.5212 2.31851 57-584
1 2.24707 2.32077 257-953
1 2.24705 2.3319 261-482
1 2.16317 2.33389 168-799
1 2.08903 2.34116 249-370
1 2.15888 2.34394 189-969
1 2.21845 2.3456 452-831
1 2.05312 2.3462 29-513
1 2.1448 2.36898 926-976
1 2.09463 2.37179 422-485
1 2.21421 2.38401 50-184
1 1.78888 2.38784 362-564
1 2.01837 2.38799 302-557
1 1.86322 2.38958 131-214
1 1.64177 2.39211 155-257
1 2.30386 2.39718 277-525
1 2.12577 2.39772 658-871
1 1.93862 2.40541 507-611
1 2.31294 2.40677 109-451
1 1.93001 2.41435 164-443
1 2.12676 2.41592 35-245
1 1.9748 2.41754 4-182
1 2.05071 2.42 352-914
1 1.94019 2.42084 52-422
1 2.35644 2.42421 95-753
1 1.99178 2.42636 211-273
1 1.77271 2.43292 13-787
1 1.99433 2.43442 392-986
0 0 2.43938 845
1 2.31454 2.44374 130-371
1 2.39029 2.44594 280-462
1 2.26387 2.45605 701-833
2 2.39329 2.45689 43-522-933
1 2.00217 2.45787 307-308
1 2.24376 2.45861 45-323
1 2.08747 2.47126 184-650
1 2.2435 2.48674 314-509
1 2.41585 2.48785 645-869
1 1.86887 2.49071 421-810
1 2.19571 2.4939 253-405
1 1.82544 2.51009 184-980
1 1.91375 2.51712 640-778
1 2.2796 2.51922 207-230
1 2.24604 2.52172 498-874
1 2.34511 2.53399 29-905
1 1.83294 2.56175 211-675
1 2.10564 2.57895 384-582
1 2.08087 2.59311 45-445
1 2.51481 2.61052 524-805
1 1.69877 2.62628 30-960
1 2.56165 2.64539 76-507
1 2.30449 2.6596 228-719
1 1.96193 2.66416 219-768
1 2.04976 2.66677 271-553
1 1.91905 2.68447 445-484
1 1.73764 2.68595 237-743
1 2.37661 2.69868 269-632
1 1.84268 2.71439 220-775
1 1.87301 2.71946 462-585
1 2.31459 2.72338 292-342
1 2.05437 2.73149 611-634
1 1.60682 2.73451 223-455
1 2.13543 2.74023 274-405
1 2.20386 2.76205 466-980
1 2.34806 2.77205 65-110
1 1.7468 2.7738 689-970
1 2.37389 2.77678 7-398
1 2.67437 2.78044 381-951
1 2.69992 2.78459 173-451
1 2.68389 2.79503 197-282
1 1.70013 2.79604 23-289
1 2.23645 2.80903 296-518
1 2.44656 2.81903 840-921
1 1.75206 2.82449 4-138
1 1.72262 2.83039 346-755
1 2.4125 2.83382 290-656
1 2.5658 2.83649 756-872
1 2.35301 2.85681 76-229
1 1.81062 2.86497 133-304
1 2.30616 2.87263 94-468
1 2.2101 2.88103 134-746
1 2.18777 2.88674 262-801
1 1.79421 2.89966 248-263
1 2.39247 2.90947 434-552
1 1.55259 2.92913 56-651
1 2.3783 2.93211 290-916
1 2.00272 2.95086 129-926
1 2.03377 2.96375 215-594
1 2.29831 2.96818 215-798
1 1.39799 2.98705 126-607
1 1.91164 3.02869 159-230
1 2.06351 3.02962 380-831
1 2.77778 3.04854 420-662
1 2.06615 3.05202 905-957
1 2.0084 3.05867 374-562
1 2.75278 3.06937 170-862
1 2.83842 3.0716 174-550
1 2.64897 3.0737 61-488
1 1.81469 3.07504 359-837
1 1.7933 3.08458 190-861
1 2.35663 3.08753 781-803
1 1.98549 3.09832 234-329
1 2.13076 3.10641 69-523
1 2.906 3.11282 10-229
1 1.79143 3.11627 671-986
1 2.01462 3.12118 550-869
1 3.04145 3.12259 42-125
1 2.91203 3.1391 862-991
1 2.36562 3.15745 875-921
1 2.66654 3.16534 387-954
1 2.89266 3.18146 236-954
1 2.86338 3.18848 125-298
1 2.13005 3.20794 103-219
1 2.81287 3.21013 313-529
1 2.12429 3.21646 261-404
1 2.78038 3.23766 681-935
1 2.11978 3.31491 15-158
1 2.9892 3.31984 87-998
1 2.85801 3.32016 125-840
1 2.37361 3.34063 156-515
1 2.65552 3.36125 107-570
1 1.96187 3.38252 206-452
1 3.18385 3.42314 101-904
1 2.10188 3.45454 112-944
1 2.86368 3.46005 317-699
1 2.04559 3.49591 538-909
1 3.1422 3.50503 270-853
1 2.08239 3.52506 314-316
1 1.72037 3.5557 750-902
1 2.39025 3.59843 301-683
1 1.79876 3.61776 128-313
1 2.80141 3.62024 457-845
1 3.52569 3.63951 247-532
1 1.74207 3.65597 141-315
1 2.30104 3.76223 191-218
1 1.93248 3.79653 287-981
1 2.35476 3.81568 504-532
1 2.47087 3.95904 12-769
1 2.1862 3.97949 265-886
1 1.83831 4.0427 328-684
1 1.995 4.05783 19-447
1 3.28591 4.06275 769-845
1 3.24506 4.08554 178-256
1 2.34363 4.14739 369-593
1 1.94671 4.16366 489-541
1 1.94253 4.23579 481-976
1 2.46283 4.26028 457-699
1 3.85538 4.29159 704-984
1 1.78403 4.84251 670-706
2 4.8662 8.5 278-303-657
