0 0 8.5 0
0 0 0.0623805 612
0 0 0.0689507 994
0 0 0.0818251 535
0 0 0.0829679 441
0 0 0.0949353 693
0 0 0.0966885 627
0 0 0.104888 457
0 0 0.106342 961
0 0 0.117025 648
0 0 0.122202 827
0 0 0.122754 417
0 0 0.126045 963
0 0 0.129351 177
0 0 0.132241 753
0 0 0.144248 628
0 0 0.151289 320
0 0 0.153487 717
0 0 0.156413 560
0 0 0.156823 286
0 0 0.161577 844
0 0 0.16366 857
0 0 0.165919 883
0 0 0.166153 906
0 0 0.166531 771
0 0 0.166672 700
0 0 0.175489 573
0 0 0.176192 935
0 0 0.17627 336
0 0 0.185092 822
0 0 0.187741 974
0 0 0.190127 829
0 0 0.192023 677
0 0 0.200732 655
0 0 0.201291 51
0 0 0.202965 767
0 0 0.205404 972
0 0 0.205503 982
0 0 0.206744 594
0 0 0.21814 365
0 0 0.226119 565
0 0 0.226161 669
0 0 0.231037 816
0 0 0.239882 735
0 0 0.240277 267
0 0 0.243805 732
0 0 0.244284 354
0 0 0.247438 482
0 0 0.250222 940
0 0 0.250396 265
0 0 0.250529 618
0 0 0.253397 978
0 0 0.25375 838
0 0 0.257003 769
0 0 0.261283 395
0 0 0.262742 733
0 0 0.263403 226
0 0 0.263633 89
0 0 0.266526 826
0 0 0.267392 371
0 0 0.267943 123
0 0 0.269205 564
0 0 0.271351 386
0 0 0.27274 492
0 0 0.276019 645
0 0 0.277054 461
0 0 0.279053 834
0 0 0.279353 939
0 0 0.280301 967
0 0 0.284845 375
0 0 0.286592 894
0 0 0.287295 863
0 0 0.2933 746
0 0 0.294028 644
0 0 0.297202 855
0 0 0.297529 422
0 0 0.299803 385
0 0 0.300151 879
0 0 0.302868 620
0 0 0.309471 495
0 0 0.313148 860
0 0 0.317098 668
0 0 0.322855 519
0 0 0.323553 641
0 0 0.324537 870
0 0 0.325201 547
0 0 0.325503 559
0 0 0.327699 596
0 0 0.328266 973
0 0 0.329825 260
0 0 0.329932 989
0 0 0.330517 661
0 0 0.331442 947
0 0 0.333382 678
0 0 0.333805 839
0 0 0.334132 983
0 0 0.339586 376
0 0 0.341657 469
0 0 0.342208 768
0 0 0.342255 872
0 0 0.347186 956
0 0 0.352546 542
0 0 0.35256 696
0 0 0.35492 335
0 0 0.355258 634
0 0 0.356756 342
0 0 0.359219 785
0 0 0.359448 459
0 0 0.359607 334
0 0 0.361664 930
0 0 0.361669 901
0 0 0.362112 724
0 0 0.36965 927
0 0 0.370801 531
0 0 0.373181 990
0 0 0.374224 938
0 0 0.378445 623
0 0 0.379841 617
0 0 0.382453 997
0 0 0.383387 278
0 0 0.385592 763
0 0 0.390623 630
0 0 0.393221 902
0 0 0.398905 566
0 0 0.404129 204
0 0 0.406262 399
0 0 0.407244 819
0 0 0.407282 521
0 0 0.40767 563
0 0 0.410375 987
0 0 0.410654 158
0 0 0.41184 473
0 0 0.41228 804
0 0 0.415176 931
0 0 0.415264 530
0 0 0.417193 782
0 0 0.422391 739
0 0 0.422558 175
0 0 0.424448 730
0 0 0.424963 603
0 0 0.425109 803
0 0 0.425244 727
0 0 0.426229 633
0 0 0.42747 624
0 0 0.429125 307
0 0 0.433338 650
0 0 0.43488 861
0 0 0.435662 943
0 0 0.436334 988
0 0 0.43722 418
0 0 0.442329 703
0 0 0.443607 788
0 0 0.443662 882
0 0 0.445282 615
0 0 0.44555 664
0 0 0.44557 916
0 0 0.446521 864
0 0 0.447564 808
0 0 0.450902 470
0 0 0.451918 465
0 0 0.455702 653
0 0 0.455945 797
0 0 0.458462 454
0 0 0.46126 802
0 0 0.461577 356
0 0 0.463 932
0 0 0.463561 675
0 0 0.469771 886
0 0 0.473336 496
0 0 0.473792 508
0 0 0.474835 847
0 0 0.476727 364
0 0 0.477214 588
0 0 0.480433 754
0 0 0.481767 750
0 0 0.485313 327
0 0 0.487057 708
0 0 0.487427 880
0 0 0.487601 824
0 0 0.488953 408
0 0 0.489394 962
0 0 0.491013 562
0 0 0.491466 254
0 0 0.493124 383
0 0 0.493515 749
0 0 0.493843 587
0 0 0.494895 70
0 0 0.495113 899
0 0 0.495199 232
0 0 0.497546 941
0 0 0.497934 111
0 0 0.498248 358
0 0 0.500186 950
0 0 0.500375 244
0 0 0.501291 608
0 0 0.502991 147
0 0 0.50403 306
0 0 0.505018 723
0 0 0.505145 361
0 0 0.509115 795
0 0 0.511034 713
0 0 0.513209 643
0 0 0.516995 474
0 0 0.519264 836
0 0 0.519461 347
0 0 0.520617 613
0 0 0.520904 288
0 0 0.521073 153
0 0 0.521613 907
0 0 0.521705 581
0 0 0.522959 766
0 0 0.523283 780
0 0 0.523317 878
0 0 0.523854 719
0 0 0.524071 854
0 0 0.526498 516
0 0 0.527074 715
0 0 0.527075 647
0 0 0.528772 649
0 0 0.530182 660
0 0 0.531232 524
0 0 0.53259 585
0 0 0.534032 646
0 0 0.534356 964
0 0 0.535051 387
0 0 0.53558 451
0 0 0.538263 741
0 0 0.538294 619
0 0 0.538327 774
0 0 0.538879 659
0 0 0.541212 349
0 0 0.542077 556
0 0 0.544019 135
0 0 0.545295 549
0 0 0.547309 694
0 0 0.549413 590
0 0 0.550775 698
0 0 0.551624 272
0 0 0.551732 414
0 0 0.553422 743
0 0 0.553807 881
0 0 0.554895 960
0 0 0.554981 718
0 0 0.55534 692
0 0 0.556515 74
0 0 0.557644 818
0 0 0.558326 638
0 0 0.561002 503
0 0 0.562924 913
0 0 0.564131 33
0 0 0.564301 685
0 0 0.564776 555
0 0 0.567377 752
0 0 0.568299 877
0 0 0.569218 910
0 0 0.570556 37
0 0 0.571381 711
0 0 0.571569 674
0 0 0.571693 440
0 0 0.572649 790
0 0 0.57461 245
0 0 0.575852 806
0 0 0.576185 487
0 0 0.577881 837
0 0 0.5784 833
0 0 0.581227 357
0 0 0.581736 975
0 0 0.581785 687
0 0 0.582436 363
0 0 0.582559 80
0 0 0.582642 936
0 0 0.584704 425
0 0 0.586454 239
0 0 0.587887 415
0 0 0.588545 569
0 0 0.591334 96
0 0 0.595209 759
0 0 0.597411 213
0 0 0.598298 888
0 0 0.598651 348
0 0 0.598948 40
0 0 0.599342 786
0 0 0.600227 794
0 0 0.600506 933
0 0 0.600585 297
0 0 0.601429 575
0 0 0.601875 865
0 0 0.602381 577
0 0 0.602776 543
0 0 0.603194 497
0 0 0.604796 949
0 0 0.605537 918
0 0 0.605748 657
0 0 0.608959 439
0 0 0.610101 526
0 0 0.612076 583
0 0 0.612397 511
0 0 0.613114 504
0 0 0.613546 312
0 0 0.61455 370
0 0 0.617255 192
0 0 0.617789 477
0 0 0.618522 842
0 0 0.618894 501
0 0 0.619499 762
0 0 0.62027 748
0 0 0.62151 309
0 0 0.621736 103
0 0 0.622315 463
0 0 0.623298 635
0 0 0.626131 710
0 0 0.626698 394
0 0 0.626864 695
0 0 0.628981 238
0 0 0.62968 884
0 0 0.629984 686
0 0 0.632889 179
0 0 0.633952 820
0 0 0.634129 580
0 0 0.634141 781
0 0 0.634763 475
0 0 0.639573 784
0 0 0.641155 554
0 0 0.642031 435
0 0 0.642278 381
0 0 0.642546 295
0 0 0.645849 393
0 0 0.646223 929
0 0 0.647445 500
0 0 0.648257 683
0 0 0.650092 744
0 0 0.650273 275
0 0 0.651424 279
0 0 0.652612 558
0 0 0.656835 373
0 0 0.656991 998
0 0 0.657267 255
0 0 0.657458 764
0 0 0.658509 789
0 0 0.662059 610
0 0 0.662302 351
0 0 0.662305 958
0 0 0.662697 410
0 0 0.663648 207
0 0 0.666845 721
0 0 0.666885 374
0 0 0.66787 131
0 0 0.668088 893
0 0 0.67042 799
0 0 0.672019 807
0 0 0.672745 242
0 0 0.674612 433
0 0 0.674952 821
0 0 0.675842 450
0 0 0.676243 622
0 0 0.677965 258
0 0 0.678403 360
0 0 0.678798 170
0 0 0.680296 851
0 0 0.682549 731
0 0 0.683025 389
0 0 0.68325 914
0 0 0.6852 165
0 0 0.685928 919
0 0 0.686576 512
0 0 0.686776 770
0 0 0.686938 895
0 0 0.691705 321
0 0 0.691894 269
0 0 0.694628 458
0 0 0.696569 636
0 0 0.69678 900
0 0 0.697305 765
0 0 0.697314 169
0 0 0.698402 676
0 0 0.700107 843
0 0 0.700455 734
0 0 0.70133 595
0 0 0.701917 584
0 0 0.702342 598
0 0 0.704488 233
0 0 0.704574 756
0 0 0.70487 579
0 0 0.705289 235
0 0 0.705927 407
0 0 0.708088 284
0 0 0.709699 316
0 0 0.712196 705
0 0 0.713273 128
0 0 0.713395 293
0 0 0.714298 830
0 0 0.715991 466
0 0 0.71712 737
0 0 0.71752 444
0 0 0.718993 201
0 0 0.719172 745
0 0 0.71951 485
0 0 0.723644 903
0 0 0.726234 791
0 0 0.726436 955
0 0 0.726444 740
0 0 0.726552 640
0 0 0.727225 533
0 0 0.72742 937
0 0 0.727782 681
0 0 0.728508 712
0 0 0.729215 571
0 0 0.729986 311
0 0 0.730474 276
0 0 0.733928 534
0 0 0.734377 891
0 0 0.734726 812
0 0 0.735501 793
0 0 0.736174 183
0 0 0.736448 726
0 0 0.737745 71
0 0 0.737762 437
0 0 0.738245 486
0 0 0.738728 369
0 0 0.741109 904
0 0 0.741614 390
0 0 0.742044 483
0 0 0.743137 27
0 0 0.744444 609
0 0 0.744859 125
0 0 0.745428 572
0 0 0.746078 828
0 0 0.748406 639
0 0 0.749487 923
0 0 0.749925 548
0 0 0.751677 716
0 0 0.751881 553
0 0 0.752426 702
0 0 0.753416 83
0 0 0.754186 616
0 0 0.757222 494
0 0 0.758345 682
0 0 0.762534 424
0 0 0.762612 850
0 0 0.763174 101
0 0 0.763419 578
0 0 0.764964 402
0 0 0.766908 875
0 0 0.768294 747
0 0 0.769276 779
0 0 0.772322 122
0 0 0.773383 319
0 0 0.774101 642
0 0 0.781438 324
0 0 0.782183 287
0 0 0.782717 853
0 0 0.78437 273
0 0 0.785664 800
0 0 0.786343 651
0 0 0.789191 846
0 0 0.78946 709
0 0 0.793176 707
0 0 0.793558 992
0 0 0.79504 212
0 0 0.795272 310
0 0 0.796554 552
0 0 0.796598 197
0 0 0.796847 672
0 0 0.797548 605
0 0 0.798674 105
0 0 0.800754 536
0 0 0.801846 867
0 0 0.802187 728
0 0 0.807101 527
0 0 0.808203 920
0 0 0.812497 190
0 0 0.812884 725
0 0 0.81296 246
0 0 0.813435 898
0 0 0.814035 84
0 0 0.815482 117
0 0 0.815857 607
0 0 0.816489 155
0 0 0.817498 129
0 0 0.820861 813
0 0 0.826563 266
0 0 0.826716 484
0 0 0.827002 944
0 0 0.827493 430
0 0 0.828014 308
0 0 0.82903 874
0 0 0.82945 866
0 0 0.829627 193
0 0 0.831197 777
0 0 0.831682 380
0 0 0.832551 502
0 0 0.834271 969
0 0 0.837 751
0 0 0.83727 240
0 0 0.844518 859
0 0 0.845131 339
0 0 0.846274 856
0 0 0.852297 809
0 0 0.85345 738
0 0 0.853834 915
0 0 0.854991 966
0 0 0.856771 869
0 0 0.856869 996
0 0 0.858126 965
0 0 0.858722 701
0 0 0.85918 429
0 0 0.859604 343
0 0 0.860538 426
0 0 0.860948 761
0 0 0.861971 423
0 0 0.863606 436
0 0 0.864816 656
0 0 0.86906 897
0 0 0.872973 679
0 0 0.873126 127
0 0 0.874224 835
0 0 0.875108 540
0 0 0.876421 632
0 0 0.876843 849
0 0 0.878796 942
0 0 0.882789 977
0 0 0.883753 841
0 0 0.883996 328
0 0 0.884755 24
0 0 0.885019 291
0 0 0.88615 574
0 0 0.886913 280
0 0 0.887349 815
0 0 0.88943 986
0 0 0.891468 506
0 0 0.892788 926
0 0 0.895089 758
0 0 0.896639 614
0 0 0.897323 928
0 0 0.898845 911
0 0 0.900516 514
0 0 0.90204 892
0 0 0.902591 124
0 0 0.910998 362
0 0 0.91222 455
0 0 0.918727 305
0 0 0.923855 952
0 0 0.925153 428
0 0 0.92738 772
0 0 0.927399 561
0 0 0.930335 464
0 0 0.930432 282
0 0 0.930984 171
0 0 0.932197 268
0 0 0.932561 132
0 0 0.93285 993
0 0 0.933005 582
0 0 0.934679 689
0 0 0.937068 388
0 0 0.937462 467
0 0 0.938172 787
0 0 0.940022 195
0 0 0.940223 490
0 0 0.941598 629
0 0 0.943189 396
0 0 0.943193 568
0 0 0.944912 814
0 0 0.946461 541
0 0 0.947111 126
0 0 0.947403 377
0 0 0.948869 589
0 0 0.949108 259
0 0 0.949947 391
0 0 0.950446 413
0 0 0.950589 876
0 0 0.9509 729
0 0 0.952613 970
0 0 0.954236 868
0 0 0.954656 384
0 0 0.95505 858
0 0 0.955829 654
0 0 0.957704 688
0 0 0.958709 924
0 0 0.959016 597
0 0 0.959965 742
0 0 0.960441 796
0 0 0.961503 191
0 0 0.961735 592
0 0 0.966912 366
0 0 0.967514 528
0 0 0.968453 995
0 0 0.969125 368
0 0 0.972329 499
1 0.917132 0.972889 826-940
0 0 0.973503 222
0 0 0.974106 570
0 0 0.97484 300
0 0 0.975411 631
0 0 0.975552 151
0 0 0.975711 152
0 0 0.977616 403
0 0 0.978059 760
0 0 0.978546 11
0 0 0.979 313
0 0 0.980105 999
0 0 0.980842 326
0 0 0.981149 406
0 0 0.981461 216
0 0 0.981471 667
0 0 0.982367 113
0 0 0.983251 154
0 0 0.984191 921
0 0 0.984236 948
0 0 0.986757 353
0 0 0.986786 340
0 0 0.987533 896
0 0 0.98873 181
0 0 0.989015 405
0 0 0.989359 290
0 0 0.992682 180
0 0 0.99477 379
0 0 0.995288 976
0 0 0.997079 118
0 0 0.998458 979
0 0 0.998651 586
0 0 0.999448 453
0 0 1.00254 55
0 0 1.00333 917
0 0 1.00582 160
0 0 1.0065 223
0 0 1.00772 94
0 0 1.00815 665
0 0 1.00919 283
0 0 1.01141 202
0 0 1.01242 460
0 0 1.01251 252
0 0 1.01273 99
0 0 1.0129 372
0 0 1.01558 817
0 0 1.01616 21
0 0 1.0167 602
0 0 1.01833 281
0 0 1.01903 757
0 0 1.01916 337
0 0 1.02138 971
0 0 1.02282 968
0 0 1.02307 221
0 0 1.02383 392
0 0 1.02404 912
0 0 1.02425 90
0 0 1.02551 198
0 0 1.02654 45
0 0 1.02707 77
0 0 1.02718 600
0 0 1.02729 330
0 0 1.03111 697
0 0 1.03434 412
0 0 1.03592 75
0 0 1.03717 253
0 0 1.03811 294
0 0 1.03949 106
0 0 1.04016 825
0 0 1.04058 539
0 0 1.04226 241
0 0 1.04417 908
0 0 1.04452 666
0 0 1.04517 831
0 0 1.04531 338
0 0 1.04811 606
0 0 1.04897 318
0 0 1.0491 658
0 0 1.04916 116
0 0 1.04978 690
0 0 1.05027 88
0 0 1.05151 576
0 0 1.05319 73
0 0 1.05365 736
0 0 1.05547 755
0 0 1.05606 188
0 0 1.05677 680
0 0 1.05677 421
0 0 1.05818 720
0 0 1.06203 199
0 0 1.06207 67
0 0 1.06351 298
0 0 1.06463 478
0 0 1.06614 196
0 0 1.06617 299
0 0 1.06623 243
0 0 1.0672 517
0 0 1.06816 538
0 0 1.06936 449
0 0 1.07078 270
0 0 1.07122 792
0 0 1.07226 378
0 0 1.07254 985
0 0 1.07405 114
0 0 1.07468 140
0 0 1.07599 599
0 0 1.07838 493
0 0 1.07897 85
0 0 1.08031 871
0 0 1.08114 401
0 0 1.08237 691
0 0 1.0841 355
0 0 1.08661 442
0 0 1.0873 954
0 0 1.08794 205
0 0 1.08803 210
0 0 1.08992 72
0 0 1.09007 341
0 0 1.09031 805
0 0 1.09096 448
0 0 1.09119 367
0 0 1.0918 652
0 0 1.09581 984
0 0 1.09688 520
0 0 1.09706 663
0 0 1.09868 176
0 0 1.09984 345
0 0 1.09988 142
0 0 1.1023 8
0 0 1.10344 946
0 0 1.10442 523
0 0 1.10554 136
0 0 1.10579 925
0 0 1.11189 48
0 0 1.11373 100
0 0 1.11624 344
0 0 1.11761 162
0 0 1.11953 468
0 0 1.12099 247
0 0 1.12592 776
0 0 1.12665 333
0 0 1.12722 889
0 0 1.12876 400
0 0 1.13134 18
0 0 1.13282 488
0 0 1.13379 670
0 0 1.13483 714
0 0 1.13813 507
0 0 1.13955 16
0 0 1.1396 261
0 0 1.14086 509
0 0 1.14508 76
0 0 1.14587 419
0 0 1.14675 481
0 0 1.14855 518
0 0 1.15066 138
0 0 1.15228 49
0 0 1.15439 31
0 0 1.15595 185
0 0 1.1579 54
0 0 1.16006 981
0 0 1.16057 420
0 0 1.1606 47
0 0 1.16254 28
0 0 1.16616 591
0 0 1.16677 79
0 0 1.16929 491
0 0 1.16933 206
0 0 1.16942 832
0 0 1.17089 432
0 0 1.17215 78
1 0.900067 1.17485 751-879
0 0 1.17643 783
0 0 1.17768 304
1 1.03614 1.17791 154-353
1 1.05014 1.18049 689-884
0 0 1.1811 359
0 0 1.18387 350
0 0 1.18428 20
0 0 1.18548 102
0 0 1.18722 823
0 0 1.18764 81
0 0 1.18995 143
0 0 1.19076 332
0 0 1.19315 248
0 0 1.19318 15
0 0 1.19387 522
0 0 1.19629 810
0 0 1.19873 39
0 0 1.20217 59
0 0 1.20757 885
0 0 1.20922 722
0 0 1.20922 438
0 0 1.2093 224
0 0 1.21239 1
0 0 1.2128 778
0 0 1.21523 63
0 0 1.22075 801
0 0 1.22248 57
0 0 1.22385 489
0 0 1.2291 6
0 0 1.22958 621
0 0 1.22993 174
0 0 1.23299 446
0 0 1.23467 673
0 0 1.23713 53
0 0 1.23807 480
1 1.1776 1.23969 373-782
0 0 1.23981 257
0 0 1.24028 178
0 0 1.24034 510
0 0 1.2409 97
0 0 1.24133 139
0 0 1.24174 209
0 0 1.2436 5
0 0 1.24534 922
0 0 1.24976 416
0 0 1.25278 60
0 0 1.2528 289
0 0 1.25325 285
0 0 1.25337 46
0 0 1.25414 873
0 0 1.25431 161
0 0 1.25485 498
0 0 1.25744 905
0 0 1.25843 447
0 0 1.26036 137
0 0 1.26312 662
0 0 1.265 215
0 0 1.26519 471
0 0 1.2659 32
0 0 1.26679 557
0 0 1.26972 237
0 0 1.27073 567
0 0 1.27184 551
0 0 1.27233 398
0 0 1.27444 227
0 0 1.27609 251
0 0 1.27712 301
0 0 1.28019 887
0 0 1.2819 431
0 0 1.28266 411
0 0 1.28418 671
0 0 1.28527 545
1 1.19205 1.28528 682-919
0 0 1.28643 130
0 0 1.28661 909
0 0 1.29087 811
1 1.08156 1.29131 814-917
0 0 1.2924 951
0 0 1.29636 109
0 0 1.29983 14
0 0 1.30062 44
0 0 1.30147 382
0 0 1.3097 699
0 0 1.31097 234
0 0 1.3111 22
0 0 1.31417 959
0 0 1.31419 505
0 0 1.31424 41
0 0 1.31731 2
0 0 1.31924 98
0 0 1.32138 249
0 0 1.32236 211
0 0 1.32414 149
1 1.27826 1.32845 519-774
0 0 1.32924 706
0 0 1.33108 852
0 0 1.33129 773
1 1.2813 1.33289 118-240
0 0 1.33401 684
0 0 1.3354 112
0 0 1.34081 274
0 0 1.34139 452
0 0 1.34409 104
0 0 1.3525 115
0 0 1.3527 52
0 0 1.35368 56
0 0 1.3569 43
0 0 1.35816 68
0 0 1.35877 121
0 0 1.35946 120
0 0 1.36072 69
0 0 1.36095 625
0 0 1.36142 637
0 0 1.36482 513
0 0 1.3651 200
1 1.36776 8.5 737-761
0 0 1.36887 537
0 0 1.37203 848
1 1.09848 1.3731 368-477
0 0 1.37325 208
0 0 1.37834 315
0 0 1.37934 25
0 0 1.38075 445
0 0 1.38436 82
0 0 1.38819 331
0 0 1.38901 704
0 0 1.38913 230
0 0 1.39006 346
0 0 1.3934 626
1 1.09388 1.3936 366-919
0 0 1.39517 156
0 0 1.39667 352
1 1.33934 1.39687 511-680
0 0 1.39872 611
0 0 1.4002 110
1 1.32482 1.40117 655-739
0 0 1.40223 108
0 0 1.40414 148
0 0 1.40651 292
1 1.31606 1.41054 831-952
0 0 1.4113 150
0 0 1.41321 220
0 0 1.41882 525
0 0 1.42201 91
0 0 1.42296 476
0 0 1.4247 42
0 0 1.43159 980
0 0 1.43211 550
0 0 1.43221 325
0 0 1.43255 194
0 0 1.43532 231
0 0 1.43627 7
0 0 1.43871 217
0 0 1.44369 409
0 0 1.44406 544
1 1.21538 1.4465 185-574
0 0 1.44875 203
1 1.39021 1.453 353-739
0 0 1.45376 322
0 0 1.45598 133
0 0 1.45921 36
0 0 1.46131 601
0 0 1.46366 462
0 0 1.46371 173
0 0 1.46387 934
0 0 1.46586 397
0 0 1.46591 277
0 0 1.46705 314
0 0 1.46994 93
0 0 1.47644 38
1 1.29258 1.48285 78-83
0 0 1.4866 957
0 0 1.49115 30
1 1.3921 1.49215 215-885
0 0 1.49352 13
0 0 1.49771 4
0 0 1.50129 95
0 0 1.50646 798
0 0 1.51075 604
0 0 1.51835 87
0 0 1.51898 427
0 0 1.52856 532
0 0 1.52928 64
1 1.25449 1.53255 319-838
0 0 1.53301 302
0 0 1.53724 225
0 0 1.53755 146
1 1.37037 1.53988 83-624
0 0 1.54316 17
0 0 1.54556 456
0 0 1.54617 329
1 1.27064 1.54909 480-835
0 0 1.54948 228
0 0 1.55158 23
0 0 1.55458 443
0 0 1.55469 945
0 0 1.55515 219
0 0 1.5577 10
0 0 1.56195 479
0 0 1.56242 145
0 0 1.56848 264
0 0 1.56858 166
0 0 1.56876 472
0 0 1.56877 182
1 1.43237 1.57553 327-728
0 0 1.57714 141
0 0 1.58566 953
1 1.39307 1.5945 57-584
0 0 1.59512 134
1 1.43775 1.59764 740-808
0 0 1.6014 35
0 0 1.60358 187
1 1.41513 1.604 238-888
1 1.32229 1.60498 88-865
0 0 1.6071 66
0 0 1.60738 9
1 1.36734 1.60954 273-714
0 0 1.61531 119
0 0 1.61953 515
0 0 1.61974 250
1 1.36814 1.62188 666-754
0 0 1.62624 263
0 0 1.62766 92
0 0 1.62894 189
0 0 1.62998 86
0 0 1.63146 262
0 0 1.63326 434
1 1.28411 1.63355 126-607
0 0 1.6346 775
0 0 1.64458 62
0 0 1.64654 172
0 0 1.65469 65
0 0 1.66342 19
1 1.57789 1.66665 500-745
0 0 1.66687 862
1 1.52934 1.67073 399-656
0 0 1.6732 271
1 1.56534 1.67474 588-866
1 1.67792 8.5 443-674
1 1.27671 1.68469 136-784
1 1.44425 1.68921 689-741
1 1.37464 1.69721 475-631
0 0 1.71097 323
1 1.55007 1.72355 332-917
0 0 1.72888 157
0 0 1.7305 890
0 0 1.73156 184
0 0 1.73689 404
0 0 1.73864 164
1 1.14277 1.74158 495-686
0 0 1.74325 159
0 0 1.7454 167
1 1.66484 1.75961 365-855
0 0 1.76012 50
0 0 1.77318 991
1 1.25596 1.77594 355-912
0 0 1.77709 214
0 0 1.77999 236
1 1.39431 1.79323 276-959
0 0 1.80365 168
1 1.34748 1.80382 54-887
1 1.5821 1.80656 332-428
0 0 1.81214 546
0 0 1.82115 163
0 0 1.82184 12
1 1.67338 1.82308 127-391
1 1.52826 1.83393 150-604
0 0 1.83758 218
0 0 1.8389 29
0 0 1.8468 296
0 0 1.84787 593
1 1.49413 1.85425 355-959
0 0 1.85752 26
1 1.79221 1.86477 626-967
1 1.74895 1.87145 185-340
0 0 1.87433 256
0 0 1.89639 186
1 1.60321 1.89723 428-614
0 0 1.89898 34
0 0 1.9002 58
0 0 1.90138 107
1 1.68299 1.9293 187-401
0 0 1.92988 529
0 0 1.93002 3
1 1.22915 1.93222 442-844
1 1.77357 1.93493 517-975
1 1.18169 1.93506 536-925
1 1.21879 1.93968 412-686
0 0 1.94497 229
1 1.27597 1.95413 420-731
1 1.43099 1.95588 116-577
1 1.44146 1.9559 210-333
1 1.30524 1.96865 294-638
0 0 1.98029 144
1 1.66108 1.99019 149-925
0 0 1.99573 303
1 1.75323 1.9989 199-249
1 1.65083 2.00359 603-817
1 1.95079 2.00644 594-680
1 1.85606 2.00995 165-953
1 1.4051 2.01867 567-873
1 1.5599 2.02536 621-773
1 1.5072 2.02789 442-653
1 1.81615 2.03905 283-644
1 1.78461 2.04107 94-440
1 1.26363 2.06247 126-740
1 1.96911 2.07292 246-626
0 0 2.07316 840
1 1.80304 2.10557 109-221
1 2.06252 2.11523 669-887
1 1.66045 2.13748 67-238
1 1.48752 2.14276 599-777
1 1.94385 2.15213 658-871
1 1.54067 2.15258 960-968
1 1.81911 2.15944 431-936
1 1.97422 2.16811 314-316
1 2.09185 2.17261 4-214
1 1.87447 2.18948 134-812
0 0 2.19205 317
1 2.12983 2.2002 545-790
1 1.72704 2.20462 191-635
1 1.83961 2.21368 28-98
0 0 2.22404 61
1 1.88212 2.22524 422-892
1 1.46695 2.24542 45-877
1 1.34319 2.24736 841-936
1 1.51247 2.25411 473-702
1 1.68869 2.28346 346-946
1 2.13699 2.28602 50-184
0 0 2.28981 845
1 1.94639 2.30182 138-322
1 1.82891 2.30784 348-611
1 2.01989 2.31191 525-736
1 2.19166 2.31887 1-432
1 1.53219 2.33803 555-794
1 1.58182 2.35233 555-720
1 1.70799 2.37839 211-943
1 2.22429 2.37968 189-969
1 2.22779 2.38213 253-405
1 1.70081 2.39487 187-244
1 2.20912 2.39545 593-809
1 2.29223 2.39873 143-789
1 2.32594 2.40562 741-970
1 1.84924 2.4168 159-722
1 2.36202 2.43244 206-736
1 1.55998 2.43624 568-600
1 2.12965 2.44536 231-682
1 1.96937 2.44923 436-663
1 1.66279 2.46037 753-822
1 2.32856 2.4685 915-922
1 1.63952 2.4795 257-953
1 2.08091 2.48787 743-778
1 1.70755 2.50012 13-923
1 2.28782 2.52116 80-664
1 2.30425 2.52162 251-557
1 1.73412 2.52494 30-960
1 1.98659 2.52821 95-753
1 1.95772 2.53191 237-743
1 1.82547 2.53262 299-491
1 1.69892 2.53904 392-671
1 2.17345 2.54417 261-482
1 2.20523 2.54723 524-805
1 1.55999 2.54892 930-934
1 2.31201 2.5513 452-831
1 2.43157 2.55957 35-245
1 1.79176 2.59334 202-310
1 2.39059 2.60646 164-524
1 1.48197 2.60856 452-711
1 2.53152 2.61268 434-552
1 2.47442 2.62275 270-950
1 1.70138 2.62574 652-841
1 2.50271 2.63042 302-779
1 1.6853 2.6344 812-860
1 2.35901 2.64013 272-759
1 1.97754 2.66589 462-585
1 1.98361 2.66642 4-843
1 2.19643 2.67286 369-601
1 2.38196 2.67906 632-921
1 1.88882 2.7029 164-864
1 1.47061 2.71423 43-91
1 2.43445 2.7461 76-229
1 1.70232 2.75176 220-775
1 2.5997 2.75628 236-954
1 2.04197 2.75823 248-385
1 2.22482 2.75864 190-861
1 2.46798 2.78696 307-945
1 2.63793 2.79307 513-957
1 2.50394 2.79934 280-462
1 2.62897 2.79995 468-629
1 1.89696 2.80099 274-405
1 2.57082 2.80259 61-488
1 1.86771 2.84131 96-289
1 2.00975 2.8495 90-447
1 2.44624 2.85208 187-839
1 1.59526 2.85403 130-414
1 2.59 2.86853 211-217
1 2.27962 2.86944 225-848
1 2.44245 2.88121 290-916
1 2.23282 2.88328 115-934
1 1.65781 2.88806 359-837
1 2.019 2.8934 200-296
1 1.98127 2.92632 58-715
1 2.86072 2.9354 352-706
1 1.99553 2.94384 7-398
1 1.88727 2.94736 397-798
1 2.38026 2.95415 87-998
1 2.3344 2.97694 145-228
1 2.18018 2.98103 290-340
1 2.0116 2.99451 313-416
1 2.8543 3.00118 317-699
1 1.77268 3.00276 184-980
1 1.99608 3.01164 645-796
1 2.6083 3.01843 298-836
1 2.62984 3.02005 233-781
1 2.52285 3.02183 451-547
1 1.68705 3.04582 234-915
1 2.87514 3.0509 218-965
1 2.16541 3.07203 214-945
1 2.74947 3.0808 101-904
1 1.97409 3.1073 611-634
1 2.50983 3.11708 217-529
1 3.07025 3.1215 247-532
1 2.90963 3.12947 218-681
1 2.74393 3.14924 313-529
1 2.94717 3.1715 601-766
1 2.42959 3.17847 159-320
1 2.81622 3.18471 323-845
1 1.61551 3.19018 314-908
1 2.40934 3.2074 325-456
1 1.95999 3.21156 466-980
1 2.19873 3.21491 129-926
1 2.14255 3.22677 472-497
1 2.45583 3.23847 337-550
1 2.75019 3.25486 285-991
1 1.6956 3.2734 671-986
1 1.42174 3.2939 82-819
1 3.18049 3.30794 270-380
1 2.56345 3.3214 434-550
1 1.8184 3.37674 168-608
1 2.14355 3.38731 161-271
1 2.33727 3.39285 301-683
1 1.90215 3.40308 287-981
1 2.76452 3.42689 862-991
1 1.77366 3.44975 133-304
1 1.69451 3.45742 170-194
1 1.88222 3.48281 701-833
1 3.44675 3.54491 382-885
1 2.21397 3.54978 357-840
1 1.75862 3.56624 676-981
1 2.57206 3.57729 387-954
1 2.13921 3.6314 206-452
1 2.35608 3.63886 504-991
1 1.72231 3.86246 203-985
1 2.21176 3.86674 12-132
1 3.0864 3.8695 125-840
1 2.627 3.927 191-935
1 2.09906 3.95684 265-765
1 3.23583 3.97141 256-336
1 3.49791 3.98562 10-229
1 1.79629 4.02191 262-801
1 2.18945 4.0733 243-593
2 3.98748 4.12262 162-747-865
1 2.04115 4.19162 163-706
1 2.35952 4.24689 505-944
1 3.49915 4.25406 769-845
1 2.42486 4.3657 457-699
1 2.00142 4.61801 328-684
1 3.70434 4.65448 326-984
1 1.74521 4.85014 92-450
2 5.31442 8.5 393-756-862
