0 0 8.5 0
0 0 0.0526959 627
0 0 0.0703026 994
0 0 0.093712 717
0 0 0.097533 612
0 0 0.100306 417
0 0 0.101914 441
0 0 0.104046 535
0 0 0.116875 978
0 0 0.117974 336
0 0 0.121377 827
0 0 0.123793 771
0 0 0.125285 693
0 0 0.135777 560
0 0 0.139148 961
0 0 0.14233 573
0 0 0.145859 700
0 0 0.146624 753
0 0 0.157719 829
0 0 0.164944 677
0 0 0.166433 320
0 0 0.169802 935
0 0 0.173416 883
0 0 0.180326 648
0 0 0.182433 906
0 0 0.185767 974
0 0 0.194628 177
0 0 0.195044 457
0 0 0.195482 594
0 0 0.195936 767
0 0 0.196518 395
0 0 0.201337 972
0 0 0.203816 51
0 0 0.205207 963
0 0 0.207129 628
0 0 0.207661 844
0 0 0.207931 816
0 0 0.209395 669
0 0 0.210515 565
0 0 0.210625 834
0 0 0.212149 822
0 0 0.213089 982
0 0 0.216944 618
0 0 0.22302 769
0 0 0.226207 559
0 0 0.226757 863
0 0 0.231244 940
0 0 0.232955 733
0 0 0.233651 286
0 0 0.236617 371
0 0 0.236926 354
0 0 0.236985 746
0 0 0.237147 857
0 0 0.240162 123
0 0 0.241311 838
0 0 0.245314 386
0 0 0.246397 655
0 0 0.247234 89
0 0 0.247553 939
0 0 0.255914 492
0 0 0.25879 826
0 0 0.265911 422
0 0 0.267309 973
0 0 0.267579 678
0 0 0.267705 226
0 0 0.269653 735
0 0 0.273294 265
0 0 0.274093 542
0 0 0.275783 732
0 0 0.278464 564
0 0 0.279526 645
0 0 0.280568 989
0 0 0.28303 620
0 0 0.283916 668
0 0 0.288258 894
0 0 0.29087 967
0 0 0.297886 860
0 0 0.298851 785
0 0 0.299248 566
0 0 0.303018 661
0 0 0.305372 872
0 0 0.311041 385
0 0 0.311194 634
0 0 0.315447 461
0 0 0.315836 376
0 0 0.316709 482
0 0 0.316932 990
0 0 0.320383 267
0 0 0.321755 943
0 0 0.32205 342
0 0 0.324016 641
0 0 0.33036 901
0 0 0.330996 260
0 0 0.332355 158
0 0 0.332871 855
0 0 0.340058 696
0 0 0.341827 644
0 0 0.342413 983
0 0 0.347643 839
0 0 0.349771 278
0 0 0.351721 879
0 0 0.352933 175
0 0 0.353396 495
0 0 0.354798 375
0 0 0.355321 547
0 0 0.355367 469
0 0 0.35829 870
0 0 0.358314 997
0 0 0.360359 947
0 0 0.361519 519
0 0 0.363467 365
0 0 0.368235 987
0 0 0.370822 938
0 0 0.378231 473
0 0 0.378805 768
0 0 0.379284 531
0 0 0.385343 956
0 0 0.388261 335
0 0 0.390106 530
0 0 0.392328 204
0 0 0.396634 930
0 0 0.398373 232
0 0 0.399509 780
0 0 0.408172 562
0 0 0.409067 596
0 0 0.414121 633
0 0 0.414698 724
0 0 0.415592 730
0 0 0.416212 808
0 0 0.419497 508
0 0 0.421027 334
0 0 0.421165 630
0 0 0.423244 861
0 0 0.425103 664
0 0 0.42515 727
0 0 0.428093 899
0 0 0.430013 754
0 0 0.432175 927
0 0 0.432341 882
0 0 0.433813 932
0 0 0.43462 763
0 0 0.434887 454
0 0 0.437481 782
0 0 0.437902 459
0 0 0.438557 418
0 0 0.440509 585
0 0 0.44425 916
0 0 0.444526 617
0 0 0.446933 521
0 0 0.44828 613
0 0 0.448325 819
0 0 0.44964 624
0 0 0.452209 307
0 0 0.455799 588
0 0 0.456547 364
0 0 0.456857 387
0 0 0.456937 864
0 0 0.45734 797
0 0 0.45752 950
0 0 0.458866 902
0 0 0.459024 650
0 0 0.461164 749
0 0 0.461229 361
0 0 0.461251 563
0 0 0.463923 802
0 0 0.465681 356
0 0 0.466753 788
0 0 0.46707 774
0 0 0.467879 399
0 0 0.470403 516
0 0 0.470431 836
0 0 0.470834 349
0 0 0.472031 587
0 0 0.472419 847
0 0 0.472667 244
0 0 0.473787 708
0 0 0.474299 646
0 0 0.474542 496
0 0 0.476813 643
0 0 0.479186 254
0 0 0.480267 713
0 0 0.482805 703
0 0 0.482846 723
0 0 0.483829 615
0 0 0.483899 569
0 0 0.483977 474
0 0 0.484932 603
0 0 0.487838 347
0 0 0.491613 739
0 0 0.493492 719
0 0 0.493545 623
0 0 0.494034 931
0 0 0.495509 111
0 0 0.495511 70
0 0 0.497089 988
0 0 0.49798 649
0 0 0.498814 824
0 0 0.498983 750
0 0 0.499666 804
0 0 0.499954 694
0 0 0.500176 675
0 0 0.500655 135
0 0 0.503178 477
0 0 0.503278 451
0 0 0.504798 818
0 0 0.508491 698
0 0 0.508499 470
0 0 0.508978 907
0 0 0.512874 414
0 0 0.513392 795
0 0 0.515381 306
0 0 0.516254 687
0 0 0.516464 715
0 0 0.516472 408
0 0 0.523803 803
0 0 0.527013 886
0 0 0.52755 653
0 0 0.528233 415
0 0 0.530112 741
0 0 0.537616 794
0 0 0.539992 543
0 0 0.540066 692
0 0 0.540439 888
0 0 0.542254 910
0 0 0.543939 854
0 0 0.544975 153
0 0 0.545637 179
0 0 0.548801 526
0 0 0.549668 748
0 0 0.550197 74
0 0 0.550229 297
0 0 0.551786 941
0 0 0.553417 33
0 0 0.555312 288
0 0 0.555897 833
0 0 0.555976 465
0 0 0.556377 358
0 0 0.556457 37
0 0 0.559506 581
0 0 0.559878 949
0 0 0.559914 147
0 0 0.561216 964
0 0 0.562937 556
0 0 0.563003 962
0 0 0.563868 638
0 0 0.564351 577
0 0 0.565474 327
0 0 0.566117 786
0 0 0.566343 880
0 0 0.56727 764
0 0 0.567676 357
0 0 0.567771 960
0 0 0.568779 575
0 0 0.569195 877
0 0 0.570242 647
0 0 0.570562 933
0 0 0.571134 619
0 0 0.571746 806
0 0 0.571856 312
0 0 0.572765 936
0 0 0.573642 440
0 0 0.573666 766
0 0 0.573668 608
0 0 0.575254 884
0 0 0.575285 865
0 0 0.575353 660
0 0 0.576467 272
0 0 0.577268 743
0 0 0.577956 524
0 0 0.579611 975
0 0 0.579879 309
0 0 0.580184 348
0 0 0.584833 929
0 0 0.586842 393
0 0 0.588312 239
0 0 0.59176 881
0 0 0.59182 275
0 0 0.593683 686
0 0 0.594989 781
0 0 0.595446 744
0 0 0.595677 554
0 0 0.597154 752
0 0 0.597365 269
0 0 0.597563 439
0 0 0.598246 394
0 0 0.599111 549
0 0 0.599177 213
0 0 0.602126 103
0 0 0.602609 370
0 0 0.603251 913
0 0 0.605292 837
0 0 0.607726 511
0 0 0.608954 279
0 0 0.61043 425
0 0 0.611876 799
0 0 0.611979 245
0 0 0.612367 80
0 0 0.613119 721
0 0 0.613184 718
0 0 0.614201 878
0 0 0.615127 503
0 0 0.61528 410
0 0 0.615515 383
0 0 0.616271 711
0 0 0.616629 501
0 0 0.619665 800
0 0 0.621946 998
0 0 0.621996 590
0 0 0.628254 40
0 0 0.629219 762
0 0 0.629219 731
0 0 0.629527 635
0 0 0.631155 695
0 0 0.635112 657
0 0 0.635385 759
0 0 0.636209 583
0 0 0.63654 500
0 0 0.6376 674
0 0 0.639034 485
0 0 0.639855 96
0 0 0.640231 487
0 0 0.643099 584
0 0 0.644462 192
0 0 0.644519 710
0 0 0.645375 435
0 0 0.64828 893
0 0 0.648536 812
0 0 0.651327 475
0 0 0.652718 293
0 0 0.652761 807
0 0 0.65352 238
0 0 0.653865 363
0 0 0.654056 463
0 0 0.655364 242
0 0 0.655565 790
0 0 0.656301 381
0 0 0.659635 636
0 0 0.660183 351
0 0 0.661294 512
0 0 0.661687 580
0 0 0.662079 595
0 0 0.663104 914
0 0 0.663443 756
0 0 0.665374 295
0 0 0.665962 450
0 0 0.666663 374
0 0 0.667545 170
0 0 0.66848 820
0 0 0.670253 789
0 0 0.671071 373
0 0 0.671118 850
0 0 0.671466 659
0 0 0.673212 770
0 0 0.67392 622
0 0 0.674574 843
0 0 0.675777 900
0 0 0.677672 555
0 0 0.677714 842
0 0 0.677725 740
0 0 0.681488 821
0 0 0.683586 504
0 0 0.684289 571
0 0 0.685 791
0 0 0.685012 360
0 0 0.68512 433
0 0 0.688123 919
0 0 0.688456 784
0 0 0.689518 494
0 0 0.6896 726
0 0 0.690215 183
0 0 0.692712 682
0 0 0.695043 497
0 0 0.697439 681
0 0 0.699954 578
0 0 0.700572 128
0 0 0.701148 904
0 0 0.701923 389
0 0 0.70286 131
0 0 0.70322 598
0 0 0.703223 579
0 0 0.704927 734
0 0 0.704995 572
0 0 0.705491 284
0 0 0.706016 918
0 0 0.706934 610
0 0 0.708106 955
0 0 0.708804 685
0 0 0.709927 851
0 0 0.712069 992
0 0 0.713149 895
0 0 0.714454 486
0 0 0.714738 276
0 0 0.715812 169
0 0 0.715953 640
0 0 0.716401 444
0 0 0.71732 683
0 0 0.719353 712
0 0 0.719732 201
0 0 0.719875 891
0 0 0.721779 558
0 0 0.722125 311
0 0 0.724657 308
0 0 0.725151 390
0 0 0.725457 639
0 0 0.726103 255
0 0 0.726116 321
0 0 0.72712 122
0 0 0.727589 125
0 0 0.727812 923
0 0 0.732657 533
0 0 0.733213 958
0 0 0.733576 27
0 0 0.73358 483
0 0 0.734196 233
0 0 0.735828 737
0 0 0.736403 676
0 0 0.737603 424
0 0 0.742337 642
0 0 0.742888 765
0 0 0.745207 266
0 0 0.745688 747
0 0 0.746295 287
0 0 0.746845 83
0 0 0.748043 937
0 0 0.748437 705
0 0 0.750623 316
0 0 0.751272 898
0 0 0.751775 502
0 0 0.752368 235
0 0 0.753065 402
0 0 0.754327 101
0 0 0.755022 430
0 0 0.755847 903
0 0 0.756124 207
0 0 0.756312 793
0 0 0.75704 466
0 0 0.757952 853
0 0 0.758304 830
0 0 0.758501 779
0 0 0.76004 716
0 0 0.764469 129
0 0 0.764966 875
0 0 0.765042 71
0 0 0.76617 745
0 0 0.766561 258
0 0 0.766712 607
0 0 0.768131 609
0 0 0.770926 616
0 0 0.772098 310
0 0 0.77293 702
0 0 0.773966 380
0 0 0.776058 672
0 0 0.776792 437
0 0 0.779878 197
0 0 0.781386 915
0 0 0.782356 527
0 0 0.785077 165
0 0 0.787547 534
0 0 0.789291 436
0 0 0.789868 246
0 0 0.791262 84
0 0 0.792008 553
0 0 0.794394 155
0 0 0.796834 867
0 0 0.797749 369
0 0 0.800138 324
0 0 0.801194 506
0 0 0.802005 725
0 0 0.803084 484
0 0 0.804227 828
0 0 0.804497 969
0 0 0.807163 407
0 0 0.807626 707
0 0 0.807664 458
0 0 0.808512 24
0 0 0.809142 814
0 0 0.811409 751
0 0 0.814828 339
0 0 0.818831 605
0 0 0.820787 970
0 0 0.823367 709
0 0 0.825225 548
0 0 0.826395 965
0 0 0.827633 193
0 0 0.828692 813
0 0 0.829274 574
0 0 0.832884 815
0 0 0.835254 190
0 0 0.840162 651
0 0 0.841896 966
0 0 0.842053 679
0 0 0.84207 280
0 0 0.843791 632
0 0 0.844841 944
0 0 0.845956 429
0 0 0.846355 986
0 0 0.847703 738
0 0 0.847818 552
0 0 0.848239 319
0 0 0.848374 869
0 0 0.848834 859
0 0 0.853642 105
0 0 0.856386 423
0 0 0.858613 728
0 0 0.863072 996
0 0 0.865078 920
0 0 0.867551 856
0 0 0.869576 273
0 0 0.870516 328
0 0 0.871064 849
0 0 0.873277 305
0 0 0.874762 240
0 0 0.875466 212
0 0 0.876337 126
0 0 0.876343 942
0 0 0.876932 866
0 0 0.877794 117
0 0 0.881317 536
0 0 0.881691 777
0 0 0.883051 428
0 0 0.883351 689
0 0 0.883754 665
0 0 0.884655 127
0 0 0.88499 701
0 0 0.888409 614
1 0.823666 0.889197 131-713
0 0 0.889362 631
0 0 0.890819 892
0 0 0.892161 846
0 0 0.893803 455
0 0 0.894055 835
0 0 0.896119 582
0 0 0.896426 464
0 0 0.902247 787
0 0 0.902413 570
0 0 0.903142 343
0 0 0.903553 977
0 0 0.907794 597
0 0 0.908749 514
0 0 0.909738 772
0 0 0.909906 291
0 0 0.910044 874
0 0 0.91191 993
0 0 0.912543 809
0 0 0.913358 841
0 0 0.913417 467
0 0 0.9136 326
0 0 0.918376 876
0 0 0.918493 388
0 0 0.918935 948
0 0 0.920351 568
0 0 0.920411 396
0 0 0.920708 426
0 0 0.924427 366
0 0 0.925554 911
0 0 0.925804 589
0 0 0.926743 270
0 0 0.927743 259
0 0 0.928215 897
0 0 0.929352 926
0 0 0.929496 124
0 0 0.935475 340
0 0 0.935566 656
0 0 0.936409 377
0 0 0.936423 132
0 0 0.939582 999
0 0 0.940523 561
0 0 0.942193 313
0 0 0.944181 384
0 0 0.945001 300
0 0 0.946044 368
0 0 0.946607 353
0 0 0.947045 113
0 0 0.947163 541
0 0 0.947236 742
0 0 0.948494 362
0 0 0.951135 758
0 0 0.954618 268
0 0 0.955875 995
0 0 0.956492 152
0 0 0.957232 928
0 0 0.95786 403
0 0 0.957947 195
0 0 0.960172 592
0 0 0.96053 290
0 0 0.961838 697
0 0 0.962074 917
0 0 0.963216 540
0 0 0.964011 460
0 0 0.96472 171
0 0 0.965227 688
0 0 0.966 160
0 0 0.966048 406
0 0 0.966739 976
0 0 0.96723 191
0 0 0.968651 760
0 0 0.970666 405
0 0 0.972691 490
0 0 0.973313 499
0 0 0.976056 151
0 0 0.9762 391
0 0 0.976984 283
0 0 0.977077 453
0 0 0.977704 761
0 0 0.977724 528
0 0 0.978764 729
0 0 0.9788 757
0 0 0.980526 979
0 0 0.982894 154
0 0 0.983159 912
0 0 0.985397 45
0 0 0.989486 629
0 0 0.989868 252
0 0 0.990371 223
0 0 0.990794 868
0 0 0.992655 586
0 0 0.992893 379
0 0 0.995596 666
0 0 0.998562 871
0 0 0.9996 680
0 0 0.999956 825
0 0 1.00059 21
0 0 1.00093 88
0 0 1.00227 831
0 0 1.00349 796
0 0 1.00441 921
0 0 1.00449 253
0 0 1.00458 606
0 0 1.00561 202
0 0 1.00905 412
0 0 1.01071 77
0 0 1.01105 281
0 0 1.01121 11
0 0 1.0125 576
0 0 1.01382 539
0 0 1.01487 180
0 0 1.01611 221
0 0 1.01859 330
0 0 1.0202 401
0 0 1.02141 196
0 0 1.02187 896
0 0 1.02292 241
0 0 1.02312 654
0 0 1.02367 952
0 0 1.02402 337
0 0 1.02406 222
0 0 1.02519 858
0 0 1.02623 908
0 0 1.02673 94
0 0 1.02802 720
0 0 1.02856 198
0 0 1.02868 116
0 0 1.02983 181
0 0 1.03035 478
0 0 1.03248 90
0 0 1.03442 755
0 0 1.03444 413
0 0 1.03446 372
0 0 1.03533 99
0 0 1.03696 106
0 0 1.03704 924
0 0 1.03821 600
0 0 1.03956 378
0 0 1.04169 114
0 0 1.04348 985
0 0 1.0435 318
0 0 1.04374 216
0 0 1.04455 690
0 0 1.04527 294
0 0 1.04569 199
0 0 1.04621 517
0 0 1.04624 55
0 0 1.04704 667
0 0 1.04763 85
0 0 1.05081 421
0 0 1.05108 805
0 0 1.05239 691
0 0 1.05423 968
0 0 1.05619 448
0 0 1.05686 954
0 0 1.05704 449
0 0 1.05727 736
0 0 1.0573 889
0 0 1.0577 282
0 0 1.05784 72
0 0 1.05829 67
0 0 1.05989 971
0 0 1.06168 400
0 0 1.06176 392
0 0 1.06455 658
0 0 1.06521 210
0 0 1.06573 140
0 0 1.06851 118
0 0 1.06944 355
0 0 1.07119 925
0 0 1.07223 602
0 0 1.07524 792
0 0 1.07529 75
0 0 1.07691 188
0 0 1.08251 138
0 0 1.08263 538
1 1.03688 1.08909 396-564
0 0 1.08967 243
0 0 1.09044 345
0 0 1.09058 468
0 0 1.09179 523
0 0 1.09226 493
0 0 1.09239 520
0 0 1.09594 367
0 0 1.09617 162
0 0 1.0976 442
0 0 1.09845 663
0 0 1.10212 599
0 0 1.10414 817
0 0 1.10473 48
0 0 1.10657 338
0 0 1.10748 261
0 0 1.10809 31
0 0 1.11106 59
0 0 1.11151 205
0 0 1.11161 333
0 0 1.11238 298
0 0 1.11589 776
0 0 1.11867 714
0 0 1.11868 810
0 0 1.11897 73
0 0 1.11978 652
0 0 1.1227 670
0 0 1.1265 20
0 0 1.12692 142
0 0 1.12908 344
0 0 1.12926 247
0 0 1.1328 518
0 0 1.13335 591
0 0 1.13797 438
0 0 1.14193 332
0 0 1.14352 488
0 0 1.14725 341
0 0 1.15111 102
0 0 1.15171 432
0 0 1.15235 18
0 0 1.15328 522
0 0 1.15378 143
0 0 1.15985 161
0 0 1.16296 139
0 0 1.16387 299
0 0 1.16406 981
0 0 1.16484 16
0 0 1.16602 489
0 0 1.16717 78
0 0 1.17052 621
0 0 1.17179 15
0 0 1.17337 8
0 0 1.17386 28
0 0 1.17595 39
0 0 1.17648 832
0 0 1.17652 304
0 0 1.17877 984
0 0 1.1789 176
0 0 1.17926 946
0 0 1.18456 136
0 0 1.18522 32
0 0 1.18626 481
0 0 1.1868 49
0 0 1.18685 206
0 0 1.18702 420
0 0 1.18865 54
1 0.866941 1.19151 751-879
1 1.05619 1.19212 689-884
0 0 1.19216 47
0 0 1.19655 76
0 0 1.19658 5
0 0 1.19684 224
0 0 1.19846 1
0 0 1.19857 419
1 0.988832 1.19875 154-353
1 1.10502 1.1993 1-880
0 0 1.20208 79
0 0 1.20356 81
0 0 1.20372 174
1 1.14034 1.20456 273-403
0 0 1.20531 498
0 0 1.20616 778
0 0 1.20934 53
0 0 1.20956 6
0 0 1.21052 185
0 0 1.21272 491
0 0 1.2135 350
0 0 1.21401 507
0 0 1.21702 100
0 0 1.21992 509
0 0 1.22092 783
0 0 1.22218 722
0 0 1.22247 673
0 0 1.22384 301
0 0 1.22434 178
0 0 1.22703 248
0 0 1.23031 257
0 0 1.23083 951
0 0 1.23362 359
0 0 1.23367 251
0 0 1.23428 480
0 0 1.23769 215
0 0 1.23841 446
0 0 1.24108 671
0 0 1.24128 46
0 0 1.24159 227
0 0 1.24284 97
0 0 1.24289 905
0 0 1.24426 285
0 0 1.24514 289
0 0 1.24855 63
0 0 1.24968 60
0 0 1.25092 909
0 0 1.25142 885
0 0 1.25227 662
0 0 1.25286 416
0 0 1.25551 505
0 0 1.26166 801
0 0 1.26397 823
0 0 1.26431 887
0 0 1.26475 57
1 1.12197 1.26705 373-782
0 0 1.27453 471
0 0 1.27917 109
0 0 1.27973 811
0 0 1.28306 510
0 0 1.28361 567
0 0 1.28382 69
0 0 1.2854 44
1 1.08224 1.28613 814-917
0 0 1.2873 873
0 0 1.29328 431
0 0 1.29335 704
1 1.22935 1.29717 682-919
0 0 1.29811 130
0 0 1.29819 56
0 0 1.30027 149
0 0 1.3031 121
0 0 1.30642 557
0 0 1.3076 137
0 0 1.30833 104
0 0 1.31506 447
0 0 1.31599 959
0 0 1.31625 52
0 0 1.31672 41
0 0 1.31785 209
0 0 1.32118 315
0 0 1.32344 699
0 0 1.32426 200
0 0 1.32517 398
0 0 1.32544 211
0 0 1.3259 2
0 0 1.33024 98
0 0 1.33041 922
0 0 1.33075 537
0 0 1.33186 43
0 0 1.33331 68
0 0 1.33345 382
1 1.28128 1.33607 151-665
0 0 1.33681 14
0 0 1.33861 409
0 0 1.3411 852
0 0 1.34448 150
0 0 1.3465 110
0 0 1.34952 611
0 0 1.34992 237
0 0 1.35255 551
1 1.11456 1.35375 368-459
0 0 1.35675 249
0 0 1.35957 331
0 0 1.35962 545
0 0 1.36041 91
1 1.24434 1.36476 831-952
0 0 1.36801 274
0 0 1.36905 445
0 0 1.36905 706
0 0 1.36928 773
1 1.36999 8.5 895-979
0 0 1.3704 637
0 0 1.37296 112
0 0 1.37401 626
0 0 1.37438 220
0 0 1.37471 513
0 0 1.37672 148
0 0 1.37944 22
0 0 1.37959 625
0 0 1.38804 550
1 1.32604 1.39331 258-884
0 0 1.39839 82
0 0 1.40163 352
0 0 1.40338 234
0 0 1.40464 25
0 0 1.40714 208
0 0 1.411 203
0 0 1.41162 411
0 0 1.41171 848
1 1.3578 1.41202 154-216
0 0 1.41226 452
0 0 1.4136 292
0 0 1.4213 684
0 0 1.42193 476
0 0 1.42214 346
0 0 1.42852 115
0 0 1.42867 120
0 0 1.43022 7
0 0 1.4327 325
0 0 1.43365 230
1 1.07453 1.43672 366-919
0 0 1.43719 93
0 0 1.43794 544
0 0 1.43924 231
1 1.32987 1.44038 677-739
1 1.38526 1.4424 353-739
0 0 1.44831 217
0 0 1.44889 980
0 0 1.45783 194
0 0 1.46081 397
0 0 1.46292 146
0 0 1.46339 173
1 1.24829 1.46904 78-83
0 0 1.46995 427
0 0 1.47059 36
0 0 1.47109 156
0 0 1.48058 30
0 0 1.48097 934
0 0 1.48102 133
0 0 1.48259 945
0 0 1.48456 42
0 0 1.48591 264
0 0 1.49144 225
0 0 1.49306 108
0 0 1.49373 532
0 0 1.49797 314
0 0 1.4988 329
0 0 1.50265 172
1 1.24399 1.50536 574-630
0 0 1.5054 443
0 0 1.5062 525
0 0 1.50661 479
0 0 1.51097 604
0 0 1.51446 601
0 0 1.51853 798
0 0 1.51925 4
0 0 1.52235 462
0 0 1.526 13
0 0 1.52608 87
0 0 1.52694 141
1 1.37672 1.53118 327-728
0 0 1.53318 957
0 0 1.53338 95
0 0 1.53527 38
1 1.41682 1.53699 740-808
0 0 1.54476 10
0 0 1.54589 145
1 1.40239 1.54606 238-735
0 0 1.54738 434
1 1.26441 1.5515 88-865
0 0 1.55175 277
0 0 1.55177 17
0 0 1.55425 64
0 0 1.55453 472
0 0 1.55842 166
0 0 1.56004 23
0 0 1.56297 187
0 0 1.56692 228
0 0 1.56849 66
1 1.35975 1.56942 57-584
0 0 1.56944 322
0 0 1.57 219
0 0 1.57196 775
0 0 1.57534 302
0 0 1.57571 92
1 1.38585 1.57603 83-624
0 0 1.57617 953
1 1.25361 1.58467 319-838
1 1.28125 1.58715 151-807
1 1.34113 1.5903 666-754
0 0 1.59326 263
0 0 1.59331 456
0 0 1.59377 262
0 0 1.59623 19
0 0 1.5968 182
1 1.25778 1.60297 86-480
0 0 1.60918 189
1 1.43268 1.61499 475-631
0 0 1.61691 134
1 1.37652 1.61746 674-811
0 0 1.62091 35
0 0 1.62442 9
0 0 1.62965 119
1 1.63187 8.5 219-562
1 1.33275 1.63548 689-741
0 0 1.63782 271
0 0 1.64526 890
0 0 1.64591 86
0 0 1.66318 62
1 1.59902 1.66526 588-866
0 0 1.66724 515
0 0 1.66762 157
0 0 1.66802 65
1 1.50786 1.68242 399-656
0 0 1.70194 164
1 1.36643 1.70775 126-607
1 1.60956 1.71748 500-745
0 0 1.72986 159
0 0 1.73009 214
0 0 1.7342 323
0 0 1.7414 250
1 1.54047 1.74719 332-917
0 0 1.75307 167
0 0 1.75635 546
0 0 1.7598 991
0 0 1.76099 12
1 1.16193 1.76318 827-828
0 0 1.76665 862
0 0 1.76785 404
1 1.29855 1.77054 355-912
0 0 1.77629 236
0 0 1.77799 168
0 0 1.78178 184
0 0 1.78339 50
1 1.40071 1.79722 54-887
1 1.4046 1.80723 276-959
1 1.7313 1.82491 626-967
1 1.66724 1.82547 332-428
1 1.53913 1.82918 150-604
0 0 1.8292 26
1 1.68994 1.83053 187-401
0 0 1.83565 163
0 0 1.8443 186
1 1.64734 1.84485 127-391
0 0 1.8471 218
0 0 1.85179 593
0 0 1.85371 29
1 1.74503 1.86239 185-340
0 0 1.87167 296
1 1.48152 1.8811 355-959
1 1.7569 1.89349 517-975
1 1.50904 1.89742 210-333
1 1.5357 1.89784 428-614
0 0 1.89939 303
0 0 1.90552 34
1 1.27992 1.90575 420-731
0 0 1.90613 107
1 1.82613 1.91203 81-454
0 0 1.92208 3
1 1.46537 1.92463 116-577
1 1.39435 1.92499 294-638
0 0 1.92842 529
1 1.24058 1.92916 536-925
1 1.2689 1.93079 412-686
1 1.31086 1.93201 567-873
0 0 1.94263 229
0 0 1.94389 58
0 0 1.94466 256
1 1.85897 1.94772 358-420
1 1.76828 1.96037 165-953
1 1.5778 1.97213 442-653
1 1.71681 1.97237 149-925
1 1.52634 1.97896 621-773
1 1.21789 1.9791 136-784
1 1.79448 1.98911 199-249
1 1.89485 1.99231 189-263
0 0 2.00034 144
1 1.32692 2.03976 126-740
1 1.76457 2.05895 283-644
1 1.98153 2.05904 246-626
1 1.68586 2.06671 603-817
1 1.72734 2.07416 94-440
0 0 2.07465 840
1 2.03484 2.09356 201-734
1 2.05587 2.12089 4-214
1 1.80345 2.12348 28-98
1 1.64569 2.1317 67-238
1 1.55043 2.13451 146-579
0 0 2.1357 317
1 2.0567 2.14108 669-887
1 1.80727 2.14554 109-627
1 1.51105 2.15041 599-777
1 1.93822 2.16772 314-316
1 1.80507 2.17582 431-936
1 2.13215 2.18253 87-104
1 1.72202 2.18982 191-635
1 1.95024 2.23099 658-871
1 1.96351 2.23812 525-736
1 1.76218 2.24879 346-946
1 1.87731 2.26041 422-892
0 0 2.26153 61
1 1.51777 2.26658 555-794
1 1.30257 2.26751 841-936
1 1.92027 2.26901 134-812
1 1.49249 2.26964 45-877
1 1.47395 2.28608 473-702
1 1.79472 2.29077 348-611
1 1.74938 2.30244 187-244
1 1.96521 2.30464 138-322
0 0 2.31675 845
1 2.17786 2.34932 50-184
1 2.25295 2.34953 253-405
1 2.22327 2.35098 593-809
1 2.16258 2.35894 231-682
1 1.73242 2.37255 211-943
1 1.55219 2.38453 555-720
1 1.5954 2.42372 568-600
1 2.2585 2.4289 189-969
1 1.61232 2.43989 753-822
1 1.64027 2.455 626-953
1 2.00309 2.45709 436-663
1 1.89176 2.47476 159-722
1 2.34108 2.47576 206-736
1 2.26936 2.47775 915-922
1 2.25479 2.49061 80-664
1 2.25258 2.50815 452-831
1 2.16438 2.51555 261-482
1 1.81144 2.51737 202-310
1 2.08229 2.52538 743-778
1 2.36977 2.53109 741-970
1 1.74979 2.54029 30-960
1 1.7753 2.54432 299-491
1 1.92386 2.54733 237-743
1 2.01299 2.5514 95-753
1 2.20268 2.55194 524-805
1 1.65403 2.56658 392-671
1 1.49225 2.57322 930-934
1 2.41496 2.57388 251-557
1 1.67296 2.58247 413-860
1 1.73739 2.5925 13-923
1 2.37301 2.60135 272-759
1 1.74676 2.60749 652-850
1 1.57252 2.61147 352-914
1 2.51777 2.61661 302-779
1 2.3285 2.61783 164-524
1 2.18767 2.61898 369-601
1 2.42227 2.62515 35-245
1 2.57036 2.63143 270-950
1 2.5705 2.64463 570-896
1 2.56654 2.64537 262-482
1 1.97728 2.65828 462-585
1 2.46548 2.65832 76-229
1 2.01092 2.68963 4-843
1 2.42332 2.69115 632-921
1 1.90727 2.70316 164-864
1 1.43754 2.71576 43-91
1 2.05627 2.73716 248-385
1 1.68702 2.75829 220-775
1 2.63754 2.75977 513-957
1 2.63088 2.77041 236-954
1 2.47871 2.77629 307-945
1 2.19653 2.77794 190-861
1 1.9137 2.80479 274-405
1 2.62748 2.81259 94-468
1 1.81595 2.81439 96-289
1 2.4533 2.82081 280-462
1 2.61636 2.8221 61-488
1 2.21951 2.83515 225-848
1 2.48453 2.84039 187-839
1 2.01928 2.85985 200-296
1 1.57866 2.86481 130-414
1 1.94973 2.88102 90-447
1 2.6032 2.90741 211-217
1 2.30437 2.91249 115-934
1 1.94973 2.91458 58-715
1 1.90046 2.91807 397-798
1 1.647 2.9205 359-837
1 2.49865 2.92121 290-916
1 2.31499 2.92857 145-228
1 2.26033 2.92954 290-340
1 2.04588 2.93397 313-416
1 2.4459 2.93891 87-998
1 2.76355 2.93986 352-706
1 1.78625 2.94881 6-664
1 1.95183 2.96227 7-398
1 2.85576 2.99683 317-699
1 2.63606 3.0097 781-803
1 2.24936 3.03483 214-945
1 2.01301 3.05003 646-796
1 2.53034 3.05437 451-547
1 1.69096 3.05878 234-915
1 2.5818 3.07744 298-836
1 2.61275 3.08927 313-529
1 2.77086 3.09157 101-904
1 2.5244 3.0916 217-529
1 2.88977 3.09543 935-965
1 2.93659 3.10944 218-681
1 2.06165 3.15174 611-634
1 2.46025 3.1585 337-550
1 2.95647 3.16193 601-766
1 3.03833 3.16279 247-532
1 2.39778 3.16791 159-320
1 2.14429 3.19133 472-497
1 2.7936 3.19368 323-845
1 2.74545 3.21876 285-991
1 1.93415 3.23268 466-980
1 2.42599 3.23585 156-456
1 1.72482 3.24643 671-986
1 1.55703 3.24988 314-908
1 2.57404 3.25122 434-550
1 2.17189 3.25705 129-926
1 1.44221 3.2796 69-523
1 2.14301 3.33809 161-271
1 1.94087 3.37945 287-981
1 2.39231 3.41936 301-683
1 1.81646 3.42056 292-801
1 1.77336 3.4415 203-985
1 2.76799 3.48803 862-991
1 1.70001 3.48837 170-194
1 1.86413 3.5025 701-833
1 2.61935 3.55419 387-954
1 2.2083 3.5559 357-840
1 2.26656 3.56031 61-225
1 3.4144 3.56746 382-885
1 1.74232 3.58498 92-450
1 2.17534 3.6912 206-452
1 2.23668 3.8416 12-747
1 3.05496 3.86236 125-840
1 1.75108 3.8825 133-304
1 3.42368 3.95885 10-229
1 2.62303 3.96239 191-935
1 3.27145 3.96463 256-336
1 2.14582 3.98162 265-765
1 2.13777 4.00426 243-593
1 1.78513 4.04968 11-922
2 3.99603 4.07336 162-747-865
1 2.49025 4.1112 505-944
1 2.02421 4.23737 328-684
1 3.48082 4.25372 769-845
1 2.40721 4.30346 457-699
1 3.68444 4.66395 326-984
1 1.99133 4.74563 163-706
1 1.74014 4.79266 676-981
2 5.33012 8.5 393-756-862
